##########################################
# These problems were randomly generated.
##########################################
problem_set_number: 7
problems: 100

data:

 - problem: 1
   correct_answer: 3
   opcodes: [1,1,1,1,1,1,1,3,3,1,1,1,1,1,1,3,3,3,3,3,3,3,3,3,3,3,3,3,3,3,3]
   ids: [31,21,86,40,93,83,20,44,75,11,40,15,31,72,44,68,70,45,44,36,55,44,75,88,97,61,85,42,69,79,62]

 - problem: 2
   correct_answer: 7
   opcodes: [1,1,1,1,1,1,1,1,1,1,1,3,3,3,3,3,3,3,3,3,3,3,3,3,3,3,3,3,3,3,3]
   ids: [29,51,81,81,88,94,37,94,37,25,24,23,98,85,57,23,98,85,57,17,23,46,99,64,79,0,56,67,33,85,33]

 - problem: 3
   correct_answer: 3
   opcodes: [1,1,1,1,1,1,1,1,1,1,1,1,1,1,1,3,3,3,3,3,3,3,3,3,3,3,3,3,3,3,3]
   ids: [52,7,89,49,14,98,2,95,60,48,48,57,90,61,56,34,85,17,97,49,58,49,58,42,54,22,64,53,10,64,25]

 - problem: 4
   correct_answer: 3
   opcodes: [1,1,1,3,3,1,1,1,1,1,1,1,1,1,1,3,3,3,3,3,3,3,3,3,3,3,3,3,3,3,3]
   ids: [57,59,27,73,43,97,85,19,31,90,35,59,39,31,43,79,76,76,90,68,66,100,82,73,43,58,66,64,0,99,92]

 - problem: 5
   correct_answer: 3
   opcodes: [1,1,1,1,1,1,1,1,1,1,1,3,3,1,1,3,3,3,3,3,3,3,3,3,3,3,3,3,3,3,3]
   ids: [91,35,70,7,36,64,56,64,39,62,28,10,95,96,70,10,95,48,93,49,16,98,20,2,50,98,93,57,17,68,18]

 - problem: 6
   correct_answer: 3
   opcodes: [1,1,1,1,1,1,1,1,1,1,1,1,1,1,1,3,3,3,3,3,3,3,3,3,3,3,3,3,3,3,3]
   ids: [57,89,97,3,95,4,63,79,15,9,58,73,21,79,24,6,1,23,26,1,93,10,39,35,35,77,44,6,1,12,76]

 - problem: 7
   correct_answer: 3
   opcodes: [1,1,1,1,1,3,3,1,1,1,1,1,1,1,1,3,3,3,3,3,3,3,3,3,3,3,3,3,3,3,3]
   ids: [70,85,91,88,4,95,45,25,90,95,91,28,91,87,75,46,24,45,54,73,62,95,45,95,17,85,72,63,3,69,97]

 - problem: 8
   correct_answer: 3
   opcodes: [1,1,1,1,1,1,1,1,1,1,1,1,1,1,1,3,3,3,3,3,3,3,3,3,3,3,3,3,3,3,3]
   ids: [23,18,1,2,26,17,22,69,16,84,65,48,69,100,33,54,5,78,72,39,57,55,84,6,31,54,5,12,59,36,21]

 - problem: 9
   correct_answer: 3
   opcodes: [1,1,1,1,1,1,1,1,1,1,1,1,1,1,1,3,3,3,3,3,3,3,3,3,3,3,3,3,3,3,3]
   ids: [56,89,46,56,21,15,21,57,17,21,15,86,42,92,15,27,72,49,16,73,83,93,100,35,69,83,7,13,66,93,100]

 - problem: 10
   correct_answer: 3
   opcodes: [1,1,1,3,3,1,1,1,1,1,1,1,1,1,1,3,3,3,3,3,3,3,3,3,3,3,3,3,3,3,3]
   ids: [58,88,13,25,71,57,22,84,98,33,34,60,3,7,88,72,24,85,81,48,42,72,45,37,80,25,75,39,20,25,71]

 - problem: 11
   correct_answer: 3
   opcodes: [1,1,1,1,1,1,1,1,1,1,1,1,1,1,1,3,3,3,3,3,3,3,3,3,3,3,3,3,3,3,3]
   ids: [84,65,48,59,38,25,15,22,64,46,44,0,64,36,80,88,16,83,77,82,45,95,53,93,5,83,77,93,62,89,69]

 - problem: 12
   correct_answer: 3
   opcodes: [1,1,1,1,1,1,1,1,1,1,1,1,1,1,1,3,3,3,3,3,3,3,3,3,3,3,3,3,3,3,3]
   ids: [86,64,68,50,87,97,71,67,34,67,42,46,18,15,41,99,56,74,47,99,56,39,61,14,89,16,28,90,29,62,31]

 - problem: 13
   correct_answer: 3
   opcodes: [1,1,1,1,1,1,1,1,1,3,3,1,1,1,1,3,3,3,3,3,3,3,3,3,3,3,3,3,3,3,3]
   ids: [52,26,90,59,85,64,30,18,51,41,60,98,73,83,85,18,96,69,93,85,60,58,89,37,92,12,77,47,71,41,60]

 - problem: 14
   correct_answer: 7
   opcodes: [1,1,1,1,1,1,1,1,1,1,1,1,1,1,1,3,3,3,3,3,3,3,3,3,3,3,3,3,3,3,3]
   ids: [49,61,3,6,6,59,86,1,62,1,62,74,68,93,67,54,21,13,47,54,21,13,47,66,17,27,29,85,65,48,10]

 - problem: 15
   correct_answer: 3
   opcodes: [1,1,1,1,1,1,1,1,1,1,1,1,1,1,1,3,3,3,3,3,3,3,3,3,3,3,3,3,3,3,3]
   ids: [52,90,85,17,32,59,22,90,63,54,12,63,47,62,54,58,1,23,28,30,36,89,96,23,28,43,79,22,38,18,19]

 - problem: 16
   correct_answer: 3
   opcodes: [1,1,1,1,1,1,1,1,1,1,1,1,1,1,1,3,3,3,3,3,3,3,3,3,3,3,3,3,3,3,3]
   ids: [98,50,0,82,62,76,50,9,2,57,20,48,1,15,57,16,52,86,94,2,26,67,21,63,3,28,81,44,76,2,26]

 - problem: 17
   correct_answer: 3
   opcodes: [1,1,1,1,1,3,3,1,1,1,1,1,1,1,1,3,3,3,3,3,3,3,3,3,3,3,3,3,3,3,3]
   ids: [54,68,5,99,35,14,1,5,14,27,48,57,66,65,63,14,1,69,20,98,72,36,31,45,79,90,14,16,77,14,19]

 - problem: 18
   correct_answer: 15
   opcodes: [1,1,1,1,1,1,1,1,1,1,1,1,1,1,1,3,3,3,3,3,3,3,3,3,3,3,3,3,3,3,3]
   ids: [92,79,79,77,9,77,9,39,57,2,97,39,57,2,97,77,3,56,10,50,95,85,98,77,3,56,10,50,95,85,98]

 - problem: 19
   correct_answer: 3
   opcodes: [1,1,1,1,1,1,1,1,1,1,1,1,1,1,1,3,3,3,3,3,3,3,3,3,3,3,3,3,3,3,3]
   ids: [58,100,78,90,90,84,33,3,27,3,27,45,43,87,44,41,69,89,100,69,41,89,100,5,38,28,19,22,0,55,83]

 - problem: 20
   correct_answer: 3
   opcodes: [1,1,1,1,1,1,1,1,1,1,1,1,1,1,1,3,3,3,3,3,3,3,3,3,3,3,3,3,3,3,3]
   ids: [95,68,15,16,89,24,65,20,22,7,10,1,10,19,2,78,84,31,13,66,43,95,53,19,65,95,53,82,94,84,67]

 - problem: 21
   correct_answer: 3
   opcodes: [1,1,1,1,1,1,1,1,1,1,1,1,1,1,1,3,3,3,3,3,3,3,3,3,3,3,3,3,3,3,3]
   ids: [95,47,25,61,53,93,47,62,95,8,19,92,30,70,62,34,64,8,46,50,74,23,47,30,7,75,79,17,35,34,64]

 - problem: 22
   correct_answer: 3
   opcodes: [1,1,1,1,1,1,1,1,1,3,3,1,1,1,1,3,3,3,3,3,3,3,3,3,3,3,3,3,3,3,3]
   ids: [24,59,98,78,24,91,56,24,93,78,3,95,3,44,84,78,3,27,7,95,16,8,77,1,14,51,15,14,76,87,25]

 - problem: 23
   correct_answer: 7
   opcodes: [1,1,1,1,1,1,1,1,1,1,1,1,1,1,1,3,3,3,3,3,3,3,3,3,3,3,3,3,3,3,3]
   ids: [0,24,66,11,78,70,70,96,26,14,69,80,99,80,99,93,80,56,10,55,83,91,48,34,19,5,75,34,19,5,75]

 - problem: 24
   correct_answer: 3
   opcodes: [1,1,1,3,3,1,1,1,1,1,1,1,1,1,1,3,3,3,3,3,3,3,3,3,3,3,3,3,3,3,3]
   ids: [43,27,92,70,78,48,34,95,100,66,75,21,27,27,68,93,93,26,45,91,100,72,85,1,24,70,78,27,21,27,62]

 - problem: 25
   correct_answer: 3
   opcodes: [1,1,1,1,1,1,1,1,1,1,1,1,1,1,1,3,3,3,3,3,3,3,3,3,3,3,3,3,3,3,3]
   ids: [2,4,83,55,55,67,98,95,30,95,30,5,30,25,40,16,73,41,69,73,16,41,69,58,82,45,23,10,20,57,5]

 - problem: 26
   correct_answer: 3
   opcodes: [1,1,1,1,1,1,1,1,1,1,1,1,1,1,1,3,3,3,3,3,3,3,3,3,3,3,3,3,3,3,3]
   ids: [72,82,26,10,81,94,74,35,33,18,73,33,33,100,27,15,33,38,42,4,11,53,80,38,42,72,75,43,25,71,100]

 - problem: 27
   correct_answer: 3
   opcodes: [1,1,1,1,1,1,1,1,1,1,1,1,1,3,3,3,3,3,3,3,3,3,3,3,3,3,3,3,3,3,3]
   ids: [27,66,74,37,83,63,23,23,55,65,40,56,59,77,56,77,56,62,82,94,80,99,65,94,17,82,80,48,1,30,64]

 - problem: 28
   correct_answer: 3
   opcodes: [1,1,1,1,1,1,1,1,1,1,1,3,3,1,1,3,3,3,3,3,3,3,3,3,3,3,3,3,3,3,3]
   ids: [49,29,24,3,99,92,78,73,92,36,25,23,99,31,22,12,55,23,99,77,89,94,10,73,23,39,95,74,51,46,7]

 - problem: 29
   correct_answer: 3
   opcodes: [1,1,1,1,1,1,1,1,1,1,1,1,1,1,1,3,3,3,3,3,3,3,3,3,3,3,3,3,3,3,3]
   ids: [78,28,21,79,14,50,84,47,71,40,25,36,47,28,23,23,26,62,84,88,81,91,41,24,78,23,26,44,85,17,54]

 - problem: 30
   correct_answer: 3
   opcodes: [1,1,1,1,1,1,1,1,1,3,3,1,1,1,1,3,3,3,3,3,3,3,3,3,3,3,3,3,3,3,3]
   ids: [59,85,99,35,16,76,45,47,46,74,35,16,60,47,47,14,90,4,2,53,37,9,30,74,35,51,61,51,78,34,15]

 - problem: 31
   correct_answer: 7
   opcodes: [2,2,2,2,2,2,2,4,4,4,4,2,2,2,2,4,4,4,4,4,4,4,4,4,4,4,4,4,4,4,4]
   ids: [24,52,98,9,49,54,52,78,29,55,75,61,90,9,49,9,63,86,75,54,37,64,71,49,99,63,44,29,78,55,75]

 - problem: 32
   correct_answer: 3
   opcodes: [2,2,2,2,2,2,2,4,4,2,2,2,2,2,2,4,4,4,4,4,4,4,4,4,4,4,4,4,4,4,4]
   ids: [54,70,59,89,33,67,31,4,93,65,89,93,59,40,100,12,83,53,68,69,70,4,93,72,76,49,33,45,73,26,22]

 - problem: 33
   correct_answer: 3
   opcodes: [2,2,2,2,2,2,2,2,2,2,2,4,4,2,2,4,4,4,4,4,4,4,4,4,4,4,4,4,4,4,4]
   ids: [53,58,41,27,6,98,46,25,36,79,46,42,25,2,98,7,25,28,30,59,2,9,23,60,30,78,21,78,15,42,25]

 - problem: 34
   correct_answer: 3
   opcodes: [2,2,2,4,4,2,2,2,2,2,2,2,2,2,2,4,4,4,4,4,4,4,4,4,4,4,4,4,4,4,4]
   ids: [42,29,50,61,85,26,24,88,17,59,3,6,16,29,2,42,46,33,26,48,14,30,19,63,76,33,1,61,85,84,1]

 - problem: 35
   correct_answer: 3
   opcodes: [2,2,2,2,2,2,2,2,2,2,2,2,2,2,2,4,4,4,4,4,4,4,4,4,4,4,4,4,4,4,4]
   ids: [53,100,9,26,7,68,34,98,20,1,9,64,91,27,27,24,14,27,42,24,5,45,10,6,60,29,5,35,2,35,2]

 - problem: 36
   correct_answer: 3
   opcodes: [2,2,2,2,2,2,2,2,2,2,2,2,2,2,2,4,4,4,4,4,4,4,4,4,4,4,4,4,4,4,4]
   ids: [38,59,15,51,54,39,78,23,97,41,23,12,77,51,9,19,6,23,44,16,77,19,6,30,80,84,14,18,39,61,14]

 - problem: 37
   correct_answer: 3
   opcodes: [2,2,2,2,2,4,4,2,2,2,2,2,2,2,2,4,4,4,4,4,4,4,4,4,4,4,4,4,4,4,4]
   ids: [91,19,39,90,14,53,72,10,39,3,20,38,19,22,66,40,88,53,72,90,11,93,84,24,7,46,61,93,70,77,17]

 - problem: 38
   correct_answer: 3
   opcodes: [2,2,2,2,2,2,2,2,2,2,2,2,2,4,4,4,4,4,4,4,4,4,4,4,4,4,4,4,4,4,4]
   ids: [70,57,90,4,53,83,18,77,3,18,26,75,43,14,37,49,3,29,60,14,37,65,36,70,58,21,52,38,35,30,78]

 - problem: 39
   correct_answer: 3
   opcodes: [2,2,2,2,2,2,2,2,2,2,2,2,2,2,2,4,4,4,4,4,4,4,4,4,4,4,4,4,4,4,4]
   ids: [90,6,27,80,30,67,56,94,69,94,97,4,22,83,74,8,87,100,93,8,87,27,60,20,89,90,29,22,91,97,52]

 - problem: 40
   correct_answer: 3
   opcodes: [2,2,2,2,2,2,2,2,2,2,2,2,2,2,2,4,4,4,4,4,4,4,4,4,4,4,4,4,4,4,4]
   ids: [66,45,0,14,71,77,53,15,50,5,87,10,32,47,5,1,44,52,96,100,15,67,25,60,24,74,82,93,51,100,15]

 - problem: 41
   correct_answer: 3
   opcodes: [2,2,2,4,4,2,2,2,2,2,2,2,2,2,2,4,4,4,4,4,4,4,4,4,4,4,4,4,4,4,4]
   ids: [3,34,76,85,29,71,70,79,97,27,96,38,2,34,27,11,32,35,26,25,11,50,62,56,55,39,19,85,29,26,54]

 - problem: 42
   correct_answer: 3
   opcodes: [2,2,2,2,2,2,2,2,2,4,4,2,2,2,2,4,4,4,4,4,4,4,4,4,4,4,4,4,4,4,4]
   ids: [67,48,67,85,83,41,89,32,88,48,59,83,37,60,63,28,56,97,52,17,87,10,46,48,59,42,54,9,90,84,40]

 - problem: 43
   correct_answer: 3
   opcodes: [2,2,2,2,2,2,2,2,2,2,2,2,2,2,2,4,4,4,4,4,4,4,4,4,4,4,4,4,4,4,4]
   ids: [66,38,39,80,75,29,16,76,76,98,21,2,84,19,87,98,7,98,7,22,79,15,23,53,88,20,98,17,26,58,17]

 - problem: 44
   correct_answer: 3
   opcodes: [2,2,2,2,2,2,2,2,2,2,2,2,2,2,2,4,4,4,4,4,4,4,4,4,4,4,4,4,4,4,4]
   ids: [55,42,48,58,61,50,17,55,57,48,70,12,39,91,91,14,2,89,65,70,88,88,46,51,83,83,65,23,11,23,11]

 - problem: 45
   correct_answer: 3
   opcodes: [2,2,2,2,2,2,2,2,2,2,2,2,2,2,2,4,4,4,4,4,4,4,4,4,4,4,4,4,4,4,4]
   ids: [18,78,6,34,78,37,48,32,36,27,8,11,48,27,97,91,49,86,35,13,5,15,58,20,72,80,99,13,5,19,34]

 - problem: 46
   correct_answer: 3
   opcodes: [2,2,2,2,2,2,2,4,4,2,2,2,2,2,2,4,4,4,4,4,4,4,4,4,4,4,4,4,4,4,4]
   ids: [91,67,20,80,70,77,76,8,60,67,1,80,40,100,90,18,61,80,5,100,16,25,64,8,60,45,46,18,97,34,41]

 - problem: 47
   correct_answer: 3
   opcodes: [2,2,2,4,4,2,2,2,2,2,2,2,2,2,2,4,4,4,4,4,4,4,4,4,4,4,4,4,4,4,4]
   ids: [72,86,4,91,23,11,59,27,13,1,16,56,86,36,72,1,79,48,10,45,73,99,46,21,21,91,23,19,23,27,9]

 - problem: 48
   correct_answer: 7
   opcodes: [2,2,2,2,2,2,2,2,2,2,2,2,2,2,2,4,4,4,4,4,4,4,4,4,4,4,4,4,4,4,4]
   ids: [16,1,71,2,70,41,2,23,72,74,59,21,40,23,72,97,91,7,15,86,2,0,48,17,56,84,3,97,91,7,15]

 - problem: 49
   correct_answer: 3
   opcodes: [2,2,2,2,2,2,2,2,2,2,2,2,2,2,2,4,4,4,4,4,4,4,4,4,4,4,4,4,4,4,4]
   ids: [78,78,95,16,42,8,98,79,20,81,70,74,73,83,20,32,62,100,90,100,17,72,1,42,69,19,56,78,47,100,90]

 - problem: 50
   correct_answer: 7
   opcodes: [2,2,2,2,2,2,2,2,2,2,2,2,2,2,2,4,4,4,4,4,4,4,4,4,4,4,4,4,4,4,4]
   ids: [71,5,69,93,45,93,93,47,85,59,97,61,11,47,85,45,33,3,0,9,30,50,12,12,51,90,23,45,33,3,0]

 - problem: 51
   correct_answer: 0
   opcodes: [0,0,0,0,0,0,0,0,0,0,0,0,0,0,0,4,4,4,4,4,4,4,4,4,4,4,4,4,4,4,4]
   ids: [24,4,91,58,30,30,36,0,57,27,58,27,46,26,92,36,23,0,49,4,42,83,19,4,56,29,35,32,99,74,96]

 - problem: 52
   correct_answer: 0
   opcodes: [0,0,0,0,0,0,0,0,0,0,0,0,0,0,0,4,4,4,4,4,4,4,4,4,4,4,4,4,4,4,4]
   ids: [24,90,63,48,76,51,24,15,44,69,70,43,69,36,22,12,77,20,31,92,94,94,81,6,9,92,23,12,67,82,91]

 - problem: 53
   correct_answer: 0
   opcodes: [0,0,0,0,0,0,0,0,0,0,0,0,0,0,0,4,4,4,4,4,4,4,4,4,4,4,4,4,4,4,4]
   ids: [57,22,36,64,33,26,59,1,6,40,1,17,58,65,66,1,18,34,42,49,21,1,95,20,31,38,46,51,15,90,11]

 - problem: 54
   correct_answer: 0
   opcodes: [0,0,0,0,0,0,0,0,0,0,0,0,0,0,0,4,4,4,4,4,4,4,4,4,4,4,4,4,4,4,4]
   ids: [42,17,44,67,55,13,75,49,69,43,97,6,99,92,69,89,84,20,31,36,94,71,82,86,24,66,97,91,38,20,71]

 - problem: 55
   correct_answer: 0
   opcodes: [0,0,0,0,0,0,0,0,0,0,0,0,0,0,0,4,4,4,4,4,4,4,4,4,4,4,4,4,4,4,4]
   ids: [73,63,49,31,73,49,100,44,32,77,4,75,6,50,77,90,10,7,92,11,11,19,54,85,8,79,40,44,83,11,71]

 - problem: 56
   correct_answer: 0
   opcodes: [0,0,0,0,0,0,0,4,0,0,0,0,0,0,0,4,4,4,4,4,4,4,4,4,4,4,4,4,4,4,4]
   ids: [6,90,61,54,58,58,32,28,40,50,84,17,54,63,43,46,46,88,13,94,11,2,75,73,2,28,89,86,18,78,30]

 - problem: 57
   correct_answer: 0
   opcodes: [0,0,0,0,0,4,0,0,0,0,0,0,0,0,0,4,4,4,4,4,4,4,4,4,4,4,4,4,4,4,4]
   ids: [61,79,36,38,8,83,56,43,66,36,48,5,43,6,58,8,31,97,6,83,45,45,56,68,83,96,85,64,18,46,86]

 - problem: 58
   correct_answer: 0
   opcodes: [0,0,0,0,0,0,0,0,0,0,0,0,0,0,0,4,4,4,4,4,4,4,4,4,4,4,4,4,4,4,4]
   ids: [80,97,55,41,80,18,78,33,17,58,61,73,88,100,61,81,44,76,32,73,48,50,58,70,80,53,18,5,17,50,89]

 - problem: 59
   correct_answer: 0
   opcodes: [0,0,0,0,0,0,0,0,0,0,0,0,0,0,0,4,4,4,4,4,4,4,4,4,4,4,4,4,4,4,4]
   ids: [9,34,22,68,60,58,89,8,84,92,97,90,71,90,12,6,7,16,10,43,51,39,16,43,49,82,50,43,90,82,42]

 - problem: 60
   correct_answer: 0
   opcodes: [0,0,0,0,0,0,0,0,0,0,0,0,0,0,0,4,4,4,4,4,4,4,4,4,4,4,4,4,4,4,4]
   ids: [35,96,81,12,28,12,89,52,28,95,40,52,7,33,38,85,20,1,90,3,90,38,8,85,59,43,73,88,15,81,90]

 - problem: 61
   correct_answer: 0
   opcodes: [0,0,0,0,0,0,0,0,0,0,0,0,0,0,0,4,4,4,4,4,4,4,4,4,4,4,4,4,4,4,4]
   ids: [6,80,77,20,78,19,78,10,49,32,92,24,45,32,76,6,42,18,98,72,50,62,41,98,54,83,39,72,30,68,13]

 - problem: 62
   correct_answer: 0
   opcodes: [0,0,0,0,0,0,0,0,0,0,0,0,0,0,0,4,4,4,4,4,4,4,4,4,4,4,4,4,4,4,4]
   ids: [79,66,50,70,88,33,64,36,23,95,23,19,95,96,75,27,94,65,45,62,87,89,51,66,93,62,36,22,72,16,75]

 - problem: 63
   correct_answer: 0
   opcodes: [0,0,0,0,0,0,0,4,0,0,0,0,0,0,0,4,4,4,4,4,4,4,4,4,4,4,4,4,4,4,4]
   ids: [85,92,58,22,75,92,94,51,60,49,92,22,1,18,74,48,25,38,61,48,52,55,11,51,94,82,4,49,59,9,36]

 - problem: 64
   correct_answer: 0
   opcodes: [0,0,0,0,0,0,0,0,0,0,0,0,0,0,0,4,4,4,4,4,4,4,4,4,4,4,4,4,4,4,4]
   ids: [50,84,14,38,5,78,47,64,88,37,51,87,87,62,86,85,71,40,100,92,77,50,22,89,27,89,73,40,58,14,19]

 - problem: 65
   correct_answer: 0
   opcodes: [0,0,0,0,0,0,0,0,0,0,0,0,0,0,0,4,4,4,4,4,4,4,4,4,4,4,4,4,4,4,4]
   ids: [93,78,55,42,67,91,28,9,93,75,13,78,95,95,100,13,27,8,55,66,85,46,82,83,6,89,21,89,72,3,78]

 - problem: 66
   correct_answer: 0
   opcodes: [0,0,0,0,0,0,0,0,0,0,0,0,0,4,0,4,4,4,4,4,4,4,4,4,4,4,4,4,4,4,4]
   ids: [46,11,74,99,32,91,50,50,33,14,17,29,63,8,77,8,88,29,30,76,3,37,3,79,5,30,16,45,46,36,23]

 - problem: 67
   correct_answer: 0
   opcodes: [0,0,0,0,0,0,0,0,0,0,0,4,0,0,0,4,4,4,4,4,4,4,4,4,4,4,4,4,4,4,4]
   ids: [26,66,62,54,32,6,92,79,82,6,50,17,9,45,76,72,87,88,70,17,21,32,37,37,3,17,82,75,93,48,23]

 - problem: 68
   correct_answer: 0
   opcodes: [0,0,0,0,0,0,0,0,0,0,0,0,0,0,0,4,4,4,4,4,4,4,4,4,4,4,4,4,4,4,4]
   ids: [35,16,43,72,50,17,56,12,22,5,63,63,1,65,48,24,23,86,63,10,66,44,100,44,51,18,9,29,20,64,98]

 - problem: 69
   correct_answer: 0
   opcodes: [0,0,0,0,0,4,0,0,0,0,0,0,0,0,0,4,4,4,4,4,4,4,4,4,4,4,4,4,4,4,4]
   ids: [5,89,77,13,23,37,96,77,21,6,30,46,23,4,57,37,78,93,28,91,31,4,40,35,48,40,49,82,24,11,60]

 - problem: 70
   correct_answer: 0
   opcodes: [0,0,0,0,0,0,0,0,0,0,0,0,0,0,0,4,4,4,4,4,4,4,4,4,4,4,4,4,4,4,4]
   ids: [83,31,62,31,57,44,50,48,89,15,87,46,97,89,56,78,6,82,100,62,33,52,28,78,46,91,77,82,89,78,97]

 - problem: 71
   correct_answer: 3
   opcodes: [2,2,2,2,2,3,3,2,2,2,2,2,2,2,2,3,3,3,3,3,3,3,3,3,3,3,3,3,3,3,3]
   ids: [0,0,0,0,0,0,1,0,0,0,0,0,0,0,0,1,2,3,4,5,6,0,1,2,3,4,5,6,0,1,2]

 - problem: 72
   correct_answer: 7
   opcodes: [1,1,1,1,1,1,1,3,3,3,3,1,1,1,1,3,3,3,3,3,3,3,3,3,3,3,3,3,3,3,3]
   ids: [1,1,1,1,1,1,1,0,1,2,3,1,1,1,1,2,3,4,5,6,0,1,2,3,4,5,6,0,1,2,3]

 - problem: 73
   correct_answer: 3
   opcodes: [1,1,1,1,1,1,1,3,3,1,1,1,1,1,1,3,3,3,3,3,3,3,3,3,3,3,3,3,3,3,3]
   ids: [2,2,2,2,2,2,2,2,3,2,2,2,2,2,2,3,4,5,6,0,1,2,3,4,5,6,0,1,2,3,4]

 - problem: 74
   correct_answer: 3
   opcodes: [1,1,1,3,3,1,1,1,1,1,1,1,1,1,1,3,3,3,3,3,3,3,3,3,3,3,3,3,3,3,3]
   ids: [3,3,3,2,3,3,3,3,3,3,3,3,3,3,3,4,5,6,0,1,2,3,4,5,6,0,1,2,3,4,5]

 - problem: 75
   correct_answer: 3
   opcodes: [1,1,1,1,1,1,1,1,1,1,1,1,1,1,1,3,3,3,3,3,3,3,3,3,3,3,3,3,3,3,3]
   ids: [4,4,4,4,4,4,4,4,4,4,4,4,4,4,4,6,0,0,1,2,3,4,5,6,0,1,2,3,4,5,6]

 - problem: 76
   correct_answer: 3
   opcodes: [2,2,2,2,2,3,3,2,2,2,2,2,2,2,2,3,3,3,3,3,3,3,3,3,3,3,3,3,3,3,3]
   ids: [5,5,5,5,5,1,2,5,5,5,5,5,5,5,5,6,0,1,2,3,4,5,6,0,1,2,3,4,5,6,0]

 - problem: 77
   correct_answer: 3
   opcodes: [1,1,1,1,1,1,1,1,1,1,1,1,1,1,1,3,3,3,3,3,3,3,3,3,3,3,3,3,3,3,3]
   ids: [6,6,6,6,6,6,6,6,6,6,6,6,6,6,6,0,1,2,3,4,5,6,0,3,4,3,4,5,6,0,1]

 - problem: 78
   correct_answer: 3
   opcodes: [1,1,1,1,1,3,3,1,1,1,1,1,1,1,1,3,3,3,3,3,3,3,3,3,3,3,3,3,3,3,3]
   ids: [0,0,0,0,0,0,1,0,0,0,0,0,0,0,0,1,2,3,4,5,6,0,1,2,3,4,5,6,0,1,2]

 - problem: 79
   correct_answer: 3
   opcodes: [1,1,1,1,1,1,1,1,1,1,1,1,1,3,3,3,3,3,3,3,3,3,3,3,3,3,3,3,3,3,3]
   ids: [1,1,1,1,1,1,1,1,1,1,1,1,1,3,4,2,3,4,5,6,0,1,2,3,4,5,6,0,1,2,3]

 - problem: 80
   correct_answer: 3
   opcodes: [1,1,1,1,1,1,1,1,1,1,1,1,1,1,1,3,3,3,3,3,3,3,3,3,3,3,3,3,3,3,3]
   ids: [2,2,2,2,2,2,2,2,2,2,2,2,2,2,2,3,4,6,0,0,1,2,3,4,5,6,0,1,2,3,4]

 - problem: 81
   correct_answer: 3
   opcodes: [2,2,2,3,3,2,2,2,2,2,2,2,2,2,2,3,3,3,3,3,3,3,3,3,3,3,3,3,3,3,3]
   ids: [3,3,3,5,6,3,3,3,3,3,3,3,3,3,3,4,5,6,0,1,2,3,4,5,6,0,1,2,3,4,5]

 - problem: 82
   correct_answer: 3
   opcodes: [1,1,1,1,1,1,1,3,3,1,1,1,1,1,1,3,3,3,3,3,3,3,3,3,3,3,3,3,3,3,3]
   ids: [4,4,4,4,4,4,4,3,4,4,4,4,4,4,4,5,6,0,1,2,3,4,5,6,0,1,2,3,4,5,6]

 - problem: 83
   correct_answer: 3
   opcodes: [1,1,1,1,1,1,1,1,1,3,3,1,1,1,1,3,3,3,3,3,3,3,3,3,3,3,3,3,3,3,3]
   ids: [5,5,5,5,5,5,5,5,5,6,0,5,5,5,5,6,0,1,2,3,4,5,6,0,1,2,3,4,5,6,0]

 - problem: 84
   correct_answer: 3
   opcodes: [1,1,1,1,1,1,1,1,1,1,1,1,1,1,1,3,3,3,3,3,3,3,3,3,3,3,3,3,3,3,3]
   ids: [6,6,6,6,6,6,6,6,6,6,6,6,6,6,6,0,1,2,3,4,5,6,0,0,1,3,4,5,6,0,1]

 - problem: 85
   correct_answer: 3
   opcodes: [1,1,1,1,1,1,1,1,1,1,1,3,3,3,3,3,3,3,3,3,3,3,3,3,3,3,3,3,3,3,3]
   ids: [0,0,0,0,0,0,0,0,0,0,0,6,5,0,1,1,2,3,4,5,6,0,1,2,3,4,5,6,0,1,2]

 - problem: 86
   correct_answer: 3
   opcodes: [2,2,2,2,2,2,2,2,2,2,2,2,2,2,2,3,3,3,3,3,3,3,3,3,3,3,3,3,3,3,3]
   ids: [1,1,1,1,1,1,1,1,1,1,1,1,1,1,1,2,3,4,5,6,0,2,3,3,4,5,6,0,1,2,3]

 - problem: 87
   correct_answer: 3
   opcodes: [1,1,1,3,3,1,1,1,1,1,1,1,1,1,1,3,3,3,3,3,3,3,3,3,3,3,3,3,3,3,3]
   ids: [2,2,2,4,5,2,2,2,2,2,2,2,2,2,2,3,4,5,6,0,1,2,3,4,5,6,0,1,2,3,4]

 - problem: 88
   correct_answer: 3
   opcodes: [1,1,1,1,1,3,3,1,1,1,1,1,1,1,1,3,3,3,3,3,3,3,3,3,3,3,3,3,3,3,3]
   ids: [3,3,3,3,3,6,0,3,3,3,3,3,3,3,3,4,5,6,0,1,2,3,4,5,6,0,1,2,3,4,5]

 - problem: 89
   correct_answer: 3
   opcodes: [1,1,1,1,1,1,1,1,1,1,1,1,1,1,1,3,3,3,3,3,3,3,3,3,3,3,3,3,3,3,3]
   ids: [4,4,4,4,4,4,4,4,4,4,4,4,4,4,4,2,3,0,1,2,3,4,5,6,0,1,2,3,4,5,6]

 - problem: 90
   correct_answer: 3
   opcodes: [1,1,1,1,1,1,1,1,1,1,1,3,3,1,1,3,3,3,3,3,3,3,3,3,3,3,3,3,3,3,3]
   ids: [5,5,5,5,5,5,5,5,5,5,5,6,0,5,5,6,0,1,2,3,4,5,6,0,1,2,3,4,5,6,0]

 - problem: 91
   correct_answer: 3
   opcodes: [2,2,2,2,2,2,2,2,2,2,2,2,2,2,2,3,3,3,3,3,3,3,3,3,3,3,3,3,3,3,3]
   ids: [6,6,6,6,6,6,6,6,6,6,6,6,6,6,6,0,1,2,3,4,5,1,2,1,2,3,4,5,6,0,1]

 - problem: 92
   correct_answer: 3
   opcodes: [1,1,1,1,1,1,1,3,3,1,1,1,1,1,1,3,3,3,3,3,3,3,3,3,3,3,3,3,3,3,3]
   ids: [0,0,0,0,0,0,0,1,2,0,0,0,0,0,0,1,2,3,4,5,6,0,1,2,3,4,5,6,0,1,2]

 - problem: 93
   correct_answer: 3
   opcodes: [1,1,1,3,3,1,1,1,1,1,1,1,1,1,1,3,3,3,3,3,3,3,3,3,3,3,3,3,3,3,3]
   ids: [1,1,1,3,4,1,1,1,1,1,1,1,1,1,1,2,3,4,5,6,0,1,2,3,4,5,6,0,1,2,3]

 - problem: 94
   correct_answer: 3
   opcodes: [1,1,1,1,1,1,1,1,1,1,1,1,1,3,3,3,3,3,3,3,3,3,3,3,3,3,3,3,3,3,3]
   ids: [2,2,2,2,2,2,2,2,2,2,2,2,2,4,5,3,4,5,6,0,1,2,3,4,5,6,0,1,2,3,4]

 - problem: 95
   correct_answer: 3
   opcodes: [1,1,1,3,3,1,1,1,1,1,1,1,1,1,1,3,3,3,3,3,3,3,3,3,3,3,3,3,3,3,3]
   ids: [3,3,3,2,3,3,3,3,3,3,3,3,3,3,3,4,5,6,0,1,2,3,4,5,6,0,1,2,3,4,5]

 - problem: 96
   correct_answer: 3
   opcodes: [2,2,2,2,2,2,2,3,3,2,2,2,2,2,2,3,3,3,3,3,3,3,3,3,3,3,3,3,3,3,3]
   ids: [4,4,4,4,4,4,4,5,6,4,4,4,4,4,4,5,6,0,1,2,3,4,5,6,0,1,2,3,4,5,6]

 - problem: 97
   correct_answer: 3
   opcodes: [1,1,1,1,1,1,1,1,1,1,1,1,1,1,1,3,3,3,3,3,3,3,3,3,3,3,3,3,3,3,3]
   ids: [5,5,5,5,5,5,5,5,5,5,5,5,5,5,5,6,0,5,6,3,4,5,6,0,1,2,3,4,5,6,0]

 - problem: 98
   correct_answer: 7
   opcodes: [1,1,1,1,1,1,1,3,3,3,3,1,1,1,1,3,3,3,3,3,3,3,3,3,3,3,3,3,3,3,3]
   ids: [6,6,6,6,6,6,6,5,6,0,1,6,6,6,6,0,1,2,3,4,5,6,0,1,2,3,4,5,6,0,1]

 - problem: 99
   correct_answer: 7
   opcodes: [1,1,1,1,1,1,1,1,1,1,1,1,1,1,1,3,3,3,3,3,3,3,3,3,3,3,3,3,3,3,3]
   ids: [0,0,0,0,0,0,0,0,0,0,0,0,0,0,0,1,2,3,4,2,3,4,5,2,3,4,5,6,0,1,2]

 - problem: 100
   correct_answer: 3
   opcodes: [1,1,1,1,1,1,1,1,1,1,1,1,1,1,1,3,3,3,3,3,3,3,3,3,3,3,3,3,3,3,3]
   ids: [1,1,1,1,1,1,1,1,1,1,1,1,1,1,1,2,3,5,6,6,0,1,2,3,4,5,6,0,1,2,3]

