##########################################
# These problems were randomly generated.
##########################################
problem_set_number: 4
problems: 100

data:

 - problem: 1
   correct_answer: 2
   offers_x: [257931,974046,373097,126741,722563]
   offers_y: [283430,309687,269252,338803,802661]

 - problem: 2
   correct_answer: 2
   offers_x: [815666,644802,993038,625116,480785]
   offers_y: [527372,255215,559332,628341,293981]

 - problem: 3
   correct_answer: 1
   offers_x: [151,704135,646906,357537,258775]
   offers_y: [728286,967460,866923,179185,692045]

 - problem: 4
   correct_answer: 1
   offers_x: [9962,6503,376561,97260,70850]
   offers_y: [422694,78086,703281,59016,601202]

 - problem: 5
   correct_answer: 1
   offers_x: [95552,93101,550379,541248,95374]
   offers_y: [68366,390257,710652,125540,517741]

 - problem: 6
   correct_answer: 3
   offers_x: [851442,685227,73363,152855,657327]
   offers_y: [303004,475908,697727,373594,452966]

 - problem: 7
   correct_answer: 3
   offers_x: [594526,63873,616931,384593,78544,518044]
   offers_y: [819683,848239,353060,101522,407394,281516]

 - problem: 8
   correct_answer: 1
   offers_x: [838118,497997,19551,921328,936274,604265]
   offers_y: [189548,591798,16640,565595,717649,18675]

 - problem: 9
   correct_answer: 3
   offers_x: [519541,975862,124343,798652,814457,329382]
   offers_y: [677583,386656,791432,966175,831312,99818]

 - problem: 10
   correct_answer: 2
   offers_x: [210239,222070,80387,1031673,931526,385829]
   offers_y: [1016896,427145,464230,947356,132365,415844]

 - problem: 11
   correct_answer: 4
   offers_x: [504454,49982,607449,121050,209330,445817]
   offers_y: [316315,702994,412590,658849,216237,603630]

 - problem: 12
   correct_answer: 3
   offers_x: [436628,1005125,209110,37930,363916,345096]
   offers_y: [795074,459418,930474,349231,458151,646447]

 - problem: 13
   correct_answer: 3
   offers_x: [269956,215594,266515,267992,307256,63037,384419]
   offers_y: [453709,430128,512410,910138,862383,261785,177522]

 - problem: 14
   correct_answer: 3
   offers_x: [917963,110416,878686,903288,396072,32251,165387]
   offers_y: [798202,1021153,457069,187854,271486,873845,940017]

 - problem: 15
   correct_answer: 2
   offers_x: [1032753,367815,40933,41819,178754,570069,261521]
   offers_y: [375145,976219,696364,805008,226541,139753,968370]

 - problem: 16
   correct_answer: 2
   offers_x: [497924,804943,388621,385375,887111,512812,862639]
   offers_y: [628360,40338,229432,387113,754423,558149,854612]

 - problem: 17
   correct_answer: 5
   offers_x: [324362,195271,351053,528404,565701,786536,844465]
   offers_y: [921382,288341,794979,716759,384313,433020,293695]

 - problem: 18
   correct_answer: 2
   offers_x: [223954,269638,109456,176425,316720,706889,687124]
   offers_y: [848861,511019,780290,661754,128260,682044,947790]

 - problem: 19
   correct_answer: 3
   offers_x: [997632,652761,102260,896431,424306,1010771,593869,375299]
   offers_y: [881916,973830,85890,486703,223732,560754,459192,808350]

 - problem: 20
   correct_answer: 1
   offers_x: [1012530,593994,290180,1046858,653556,1004420,80347,313154]
   offers_y: [229728,387462,232729,463689,371252,65865,444727,423294]

 - problem: 21
   correct_answer: 3
   offers_x: [688343,863017,178239,212983,542181,830086,678722,699611]
   offers_y: [949538,118024,123582,49065,368521,97636,426114,240772]

 - problem: 22
   correct_answer: 2
   offers_x: [40417,764082,196345,295898,347626,107307,950144,461227]
   offers_y: [844443,986887,671190,811691,424934,666541,804851,900024]

 - problem: 23
   correct_answer: 3
   offers_x: [985266,529216,66394,849606,638275,934910,1006001,420804]
   offers_y: [654902,32768,185936,123949,999350,261599,468698,156021]

 - problem: 24
   correct_answer: 4
   offers_x: [989480,768221,826395,244108,997194,199596,477299,739938]
   offers_y: [658124,822527,506323,1043613,141007,436441,432825,422725]

 - problem: 25
   correct_answer: 3
   offers_x: [388391,703690,826194,540273,288551,519789,340224,850748,928851]
   offers_y: [42083,204885,402714,951929,255579,916407,675326,783853,190661]

 - problem: 26
   correct_answer: 3
   offers_x: [559830,456271,749719,172044,666807,838392,198089,472832,478437]
   offers_y: [856564,940816,30684,81288,279120,585762,236155,832293,724334]

 - problem: 27
   correct_answer: 2
   offers_x: [64731,449685,150482,87893,785584,789510,756982,472352,866511]
   offers_y: [274619,388361,607401,302099,203181,365823,948325,876661,601679]

 - problem: 28
   correct_answer: 3
   offers_x: [1018084,563596,211823,41307,906875,132231,579774,479654,135832]
   offers_y: [463173,196272,663329,904189,354265,12136,815783,161303,336722]

 - problem: 29
   correct_answer: 4
   offers_x: [907084,312791,982114,97676,71223,784565,71680,879771,107181]
   offers_y: [424300,921340,237492,569137,223766,102823,232278,892177,645094]

 - problem: 30
   correct_answer: 2
   offers_x: [680519,103288,9583,133542,238992,238945,501535,962598,277309]
   offers_y: [192747,536269,116569,785199,733280,139105,708334,751291,590823]

 - problem: 31
   correct_answer: 3
   offers_x: [87816,124643,20838,74512,868112,997169,579195,587597,921927,402730]
   offers_y: [420726,263272,520949,564738,141381,301483,769706,339358,789269,994509]

 - problem: 32
   correct_answer: 2
   offers_x: [336197,673566,181339,15734,612014,267134,939694,213324,1500,803198]
   offers_y: [981949,172560,159628,394576,81817,936773,797170,575377,608056,456976]

 - problem: 33
   correct_answer: 3
   offers_x: [491222,342860,584321,15495,113886,37035,881382,703185,617419,342963]
   offers_y: [957893,99464,400246,928382,635522,286078,290863,666184,343919,90200]

 - problem: 34
   correct_answer: 2
   offers_x: [703016,449471,641387,756936,748440,125743,813190,612262,239761,206118]
   offers_y: [582863,853582,379678,409725,80692,407329,690431,275043,102139,339478]

 - problem: 35
   correct_answer: 5
   offers_x: [551892,806649,197395,595143,512074,433266,10309,510433,625335,790981]
   offers_y: [931598,266692,567104,11622,702417,559900,975021,948396,577215,83380]

 - problem: 36
   correct_answer: 4
   offers_x: [283483,22538,240143,635281,323899,694867,723608,1002869,930564,702190]
   offers_y: [586938,147579,265394,993896,689252,955934,552388,191340,610367,46891]

 - problem: 37
   correct_answer: 5
   offers_x: [454633,846326,184115,208178,380735,690911,128581,237885,709970,684298,843693]
   offers_y: [654263,291500,291584,253758,978320,770125,53605,1035372,869824,40855,397841]

 - problem: 38
   correct_answer: 3
   offers_x: [947909,1037208,177439,732842,923183,685532,236306,582152,866044,17668,642655]
   offers_y: [630323,70550,265308,236707,1012261,572229,524820,782654,176067,292752,232793]

 - problem: 39
   correct_answer: 3
   offers_x: [537810,982493,53227,643248,144555,426363,432861,147218,703108,737100,286741]
   offers_y: [74497,129558,62495,705223,285589,130249,442280,575375,279279,318532,233428]

 - problem: 40
   correct_answer: 5
   offers_x: [482107,166145,307816,175740,615159,380873,598610,805037,815824,3676,891243]
   offers_y: [414919,547236,391240,1010202,107082,992097,957207,182635,922337,274879,135915]

 - problem: 41
   correct_answer: 4
   offers_x: [414220,435506,78847,469725,337764,2013,428550,20848,935897,595992,175185]
   offers_y: [951390,775226,33714,918824,588568,614450,965210,218081,748091,720734,1015498]

 - problem: 42
   correct_answer: 3
   offers_x: [116084,481345,537111,308260,742598,78861,965849,12876,941962,251468,1022856]
   offers_y: [147375,906637,191128,665934,369459,926879,199563,448466,213096,992234,580231]

 - problem: 43
   correct_answer: 3
   offers_x: [169506,188019,85307,21180,452276,303447,268270,967845,396352,604012,398416,323067]
   offers_y: [338279,955638,171523,768525,974222,537468,411801,609089,429462,645979,520608,472104]

 - problem: 44
   correct_answer: 4
   offers_x: [960725,1009932,490346,757730,498459,110682,741416,773353,407904,487661,417596,456013]
   offers_y: [464928,691893,58290,107439,160182,572843,1015291,978679,1031166,981936,125451,943124]

 - problem: 45
   correct_answer: 3
   offers_x: [73669,620792,288661,179410,1029278,49547,34156,384688,24973,751939,182510,726526]
   offers_y: [735135,175809,46489,225847,731099,899934,389562,75572,773190,617012,427616,236111]

 - problem: 46
   correct_answer: 1
   offers_x: [550857,466271,732743,619094,811914,70777,146529,696006,1011333,91980,63479,885099]
   offers_y: [922079,283532,661392,417575,904015,1036504,995829,330522,1036652,336836,487964,459006]

 - problem: 47
   correct_answer: 3
   offers_x: [399198,731417,150454,986200,418664,549955,990420,152875,377512,125733,627220,371189]
   offers_y: [633030,1026416,754329,65110,407260,982471,109391,210447,947496,994116,468782,1036403]

 - problem: 48
   correct_answer: 3
   offers_x: [159180,452546,274508,313990,946587,617803,718829,254731,980898,665435,419994,983506]
   offers_y: [857940,488838,498312,135819,853046,276246,485999,954159,944386,123461,256943,289344]

 - problem: 49
   correct_answer: 2
   offers_x: [698682,294466,517498,689112,741257,535528,306384,107681,752126,727317,235659,774546,634979]
   offers_y: [988509,654693,728190,87977,162468,25122,380104,666777,1044534,345847,162194,702302,579223]

 - problem: 50
   correct_answer: 4
   offers_x: [820446,103993,806468,720726,219845,348046,705228,385278,239625,777486,615614,295001,839188]
   offers_y: [449611,758871,753329,866860,85853,173955,55175,608148,211957,842786,859060,828520,615506]

 - problem: 51
   correct_answer: 3
   offers_x: [597708,569199,876065,220787,72936,814997,64854,1014452,576605,248687,202100,611900,651240]
   offers_y: [757761,151290,486107,561235,1002747,883112,974753,539543,607888,713720,648682,104981,774182]

 - problem: 52
   correct_answer: 2
   offers_x: [459885,339881,751634,829274,58592,111514,747109,955361,711399,979050,438597,449431,944188]
   offers_y: [178999,5618,39028,471810,886828,522681,982187,452888,304353,496750,415064,311398,477029]

 - problem: 53
   correct_answer: 5
   offers_x: [118870,741974,243616,765249,377298,407385,968385,496540,155534,517887,239750,649996,1040962]
   offers_y: [422298,867242,745832,579074,124098,545684,503360,271446,192013,529681,834263,954704,395720]

 - problem: 54
   correct_answer: 2
   offers_x: [776966,818157,180994,24531,122363,109971,889507,1005534,715795,1009417,702665,722244,126378]
   offers_y: [321579,779506,753250,966512,319635,468805,232575,277367,306922,943737,228715,879768,186657]

 - problem: 55
   correct_answer: 3
   offers_x: [682943,493304,656933,905252,383635,325010,1029447,805851,183396,42199,1021469,802278,453300,197534]
   offers_y: [203502,707392,1007468,806999,80932,712349,540879,640408,600404,239528,883673,153391,888764,683283]

 - problem: 56
   correct_answer: 2
   offers_x: [443899,409037,70585,310554,901291,456674,1042947,616721,194867,519272,15977,707950,544577,145817]
   offers_y: [794247,249308,745946,67296,318410,803258,562274,454628,681133,102653,696771,1010720,709588,97095]

 - problem: 57
   correct_answer: 4
   offers_x: [556063,479248,298478,964330,613742,654251,873675,934879,449915,1016663,982295,385978,135947,1005036]
   offers_y: [403634,671893,565008,366577,961438,710281,236539,719183,1047247,468275,929402,296652,567949,228032]

 - problem: 58
   correct_answer: 3
   offers_x: [446368,568101,487819,28515,615840,476484,453775,1026368,160325,35972,254455,83398,78611,652433]
   offers_y: [33484,596656,71161,233674,838244,201080,995785,267516,411324,940079,914700,162191,138073,40361]

 - problem: 59
   correct_answer: 3
   offers_x: [76036,528377,667389,420408,108544,207454,618363,740522,851681,487615,786975,114238,999747,271794]
   offers_y: [897076,1004766,978985,757262,409722,270360,714193,48613,17891,340252,145509,910590,580853,192730]

 - problem: 60
   correct_answer: 3
   offers_x: [121706,466660,315630,844802,1034796,766302,263010,48654,656396,346466,368639,32722,241936,1021576]
   offers_y: [664458,541294,330009,58615,466404,127856,491494,82737,48305,882774,48717,829517,413487,860259]

 - problem: 61
   correct_answer: 3
   offers_x: [954238,524861,56293,15893,66121,364581,140201,733894,271851,400703,414896,331821,756767,488543,980190]
   offers_y: [739336,480522,967977,446585,510602,93347,206831,452638,437913,689469,535863,525715,687885,401832,508446]

 - problem: 62
   correct_answer: 5
   offers_x: [413807,996080,770044,139441,734654,224020,953994,961799,665474,396919,518552,827722,133298,469801,270645]
   offers_y: [660780,660140,828518,883726,698943,881461,489356,389827,470698,500783,55213,402021,544885,728313,866773]

 - problem: 63
   correct_answer: 3
   offers_x: [373725,919424,439728,513659,259135,49938,290980,663313,523698,151080,417720,864973,588929,249839,649065]
   offers_y: [925375,155754,230259,495894,683418,702159,366536,782652,26017,686391,981781,145300,385551,360461,761832]

 - problem: 64
   correct_answer: 3
   offers_x: [262106,519858,721776,62802,718186,233997,764828,433421,816129,716581,331078,286324,524810,394670,925001]
   offers_y: [423949,54751,533682,869056,164742,566180,782576,156255,141712,198409,232837,555007,166461,615069,412485]

 - problem: 65
   correct_answer: 4
   offers_x: [393234,712070,199263,638844,730338,431560,880669,261124,655958,274873,801448,317903,482570,707001,93508]
   offers_y: [680179,15428,692855,20201,961645,545154,198964,1007243,443895,1032432,425658,508841,324181,99364,976378]

 - problem: 66
   correct_answer: 6
   offers_x: [35404,491921,874239,50353,412439,154827,841182,47367,3611,158181,666088,86008,105246,652625,1707]
   offers_y: [187185,267803,153103,943083,937464,680450,779550,976035,1007134,515583,83596,744833,327381,474010,203636]

 - problem: 67
   correct_answer: 2
   offers_x: [996037,231833,62944,567389,408299,472088,423317,239637,1041121,187910,42446,468070,519267,321792,753787,242989]
   offers_y: [943104,211014,138773,110597,516115,561836,226844,823888,709805,800582,347528,496229,767191,91059,771815,215472]

 - problem: 68
   correct_answer: 4
   offers_x: [902744,11300,981395,526970,808804,688552,340091,878189,541027,635333,457364,306122,50738,1031440,517148,272248]
   offers_y: [335788,387174,969535,692649,45303,2769,519556,248540,447196,970567,750815,747747,768403,543847,1036416,505099]

 - problem: 69
   correct_answer: 4
   offers_x: [570333,514616,738495,102441,782402,913462,247761,449447,371955,338311,856751,945541,623034,90347,739065,608887]
   offers_y: [476565,1014498,976441,215746,681771,334110,962618,919977,67225,980299,910792,350357,1023364,870951,730545,236649]

 - problem: 70
   correct_answer: 3
   offers_x: [537548,488117,193802,888716,763408,632653,831835,621764,346479,177458,480413,486058,622471,869269,667814,771943]
   offers_y: [330546,301841,289642,495723,608889,316300,694676,395803,664484,792665,635651,154637,114737,233181,990708,301640]

 - problem: 71
   correct_answer: 5
   offers_x: [983964,832524,420095,454808,322735,60067,448272,51272,112719,403962,680471,853584,112245,796666,154054,692422]
   offers_y: [428648,405339,36313,537783,384807,131366,25457,695939,207036,889805,181167,480791,914915,426538,321227,185141]

 - problem: 72
   correct_answer: 5
   offers_x: [126872,752203,137861,413386,510316,519678,1048310,401655,24408,755542,496241,222625,210390,319183,263046,777785]
   offers_y: [869556,992702,297253,786849,90357,595039,402131,46575,1031626,594849,892216,283074,1020282,495996,269766,263653]

 - problem: 73
   correct_answer: 3
   offers_x: [429148,808397,166306,773640,357415,632460,415890,705590,721430,808634,474404,4188,468177,604527,300556,521492,704733]
   offers_y: [36607,169598,668467,137366,619420,55301,465298,318314,861704,85733,788943,540244,179153,296977,761303,345384,768437]

 - problem: 74
   correct_answer: 2
   offers_x: [927993,325468,156441,701240,1013422,876,537345,909633,901125,631710,236176,712878,684169,266125,510123,246864,838953]
   offers_y: [158343,422494,978052,401117,1009151,188937,162583,449454,791171,589702,281297,862904,102850,211732,94137,705894,1036421]

 - problem: 75
   correct_answer: 4
   offers_x: [498433,905581,174099,244165,314497,510152,932792,667511,330495,802393,700869,793085,306813,267,151864,439917,88258]
   offers_y: [646751,934924,1046683,297009,377732,768196,507304,948879,234567,554254,853182,957294,679533,848393,247445,519982,34387]

 - problem: 76
   correct_answer: 3
   offers_x: [102574,1046201,70388,87583,783339,662681,522771,403882,991038,35986,130482,854770,759595,1031737,960910,511125,442338]
   offers_y: [382816,273609,703993,12115,621065,728477,483407,834823,991462,41418,568185,828732,414279,798156,475114,846194,952775]

 - problem: 77
   correct_answer: 5
   offers_x: [621821,191764,886713,1026188,1005815,123147,598312,434883,745009,438204,331389,112245,363393,1022770,948061,772014,980467]
   offers_y: [1033284,1037385,707402,394664,698270,767935,527252,271307,541365,763647,581595,152195,48327,766212,712021,985068,377994]

 - problem: 78
   correct_answer: 2
   offers_x: [731663,572352,615105,89457,782297,654581,168440,1029431,45327,37853,72281,516812,782690,1010284,818679,698460,697426]
   offers_y: [848133,180415,200614,492592,707319,778633,660044,761381,6356,44933,79660,669067,76218,504339,408045,93386,218492]

 - problem: 79
   correct_answer: 2
   offers_x: [407102,531689,578043,169702,635732,259791,780703,108381,201068,110077,188131,241290,931838,477141,695341,455799,659079,785982]
   offers_y: [608466,917466,685723,468630,544444,313794,999623,510116,941171,523514,534610,495698,997176,23165,84729,493888,373527,47354]

 - problem: 80
   correct_answer: 4
   offers_x: [624678,22014,36309,928585,1002573,185269,931867,43623,488482,514617,745301,503562,263298,772282,631443,264555,289217,486987]
   offers_y: [352288,771611,950036,8741,391259,589025,527826,496218,777965,1039181,913818,68780,495637,22996,888719,466259,909091,728714]

 - problem: 81
   correct_answer: 6
   offers_x: [953841,875821,687001,505843,857132,464220,887390,217313,631365,1041225,100492,830706,265845,532841,786923,631731,691804,114012]
   offers_y: [456857,646019,201737,818778,309065,512690,356863,454129,929320,433427,249706,307399,494830,544760,708027,918318,24212,505541]

 - problem: 82
   correct_answer: 4
   offers_x: [683654,557285,697910,290834,882818,151461,695468,558167,469478,255496,396219,714058,248671,953836,719313,365099,223942,825481]
   offers_y: [915851,707073,953905,377714,487620,658453,966339,72558,317419,74111,629084,472979,384610,243063,262537,205797,884163,367405]

 - problem: 83
   correct_answer: 4
   offers_x: [1014183,123841,277356,833579,898545,693687,816252,675525,914040,593355,714957,344010,818275,706641,189177,687036,1035165,423914]
   offers_y: [742297,116553,870017,1028002,237126,15470,917246,425879,831396,609693,874275,879470,329288,69652,483286,824960,261954,745103]

 - problem: 84
   correct_answer: 6
   offers_x: [307233,662563,522728,806170,481084,527573,250383,650526,448939,93337,9900,250325,151871,161113,974186,589696,345514,366482]
   offers_y: [520506,459249,904122,178738,572755,348751,960902,569430,859242,889642,568377,435655,253769,52279,37287,494629,733221,593202]

 - problem: 85
   correct_answer: 4
   offers_x: [480483,947000,627164,267915,955257,150949,364377,958283,191420,754924,383245,1026034,664445,668707,383467,919505,766877,915917,1041339]
   offers_y: [1040016,636763,993726,528690,347056,675401,463664,297206,720752,579207,39702,427200,516582,245208,686894,37403,446588,950649,717448]

 - problem: 86
   correct_answer: 7
   offers_x: [816574,703782,225665,265634,781805,191812,100181,716849,1006535,572953,215760,320715,729790,219712,1036434,391315,173046,484109,90101]
   offers_y: [633691,678492,476225,542429,50308,401973,871196,120410,378997,709707,1355,62713,132348,435401,201863,443457,451374,752887,302334]

 - problem: 87
   correct_answer: 4
   offers_x: [198718,141234,788510,549857,694456,614590,866174,957434,864119,194683,974818,954639,1037436,718476,286725,362991,203052,91149,64189]
   offers_y: [526754,175614,269908,240440,875698,125887,293943,463842,355540,136936,234219,280771,105284,55618,722457,831250,50219,624988,375050]

 - problem: 88
   correct_answer: 4
   offers_x: [843152,913333,566423,61565,996393,806764,1042878,522505,376100,696480,276842,36806,868814,821742,245911,523918,514490,639017,923462]
   offers_y: [496418,890718,497473,906661,510941,687474,679285,119284,438787,884223,707881,862177,1004045,527294,663094,17723,1023707,238911,162453]

 - problem: 89
   correct_answer: 5
   offers_x: [208432,5959,244667,768585,789257,374353,442349,537303,145388,594092,903919,865927,780769,974480,253900,1043302,564655,94059,947051]
   offers_y: [969156,1035380,424787,448725,125904,820439,960945,971438,415802,202898,590720,485811,812621,186828,499248,176426,165039,878136,893510]

 - problem: 90
   correct_answer: 4
   offers_x: [60509,390323,240723,1032445,734298,150530,833142,60526,123819,494885,770325,923124,112365,731795,522590,664642,857480,583616,442018]
   offers_y: [739281,447616,673252,476226,322534,656850,630946,1011403,831631,471392,361474,545854,776127,195227,298874,1014210,806862,850237,707034]

 - problem: 91
   correct_answer: 4
   offers_x: [564349,542959,252345,189261,868893,1042149,962212,917623,64258,563321,510357,597420,213363,789506,211439,335992,603806,921283,448441,944341]
   offers_y: [238850,966842,1018683,745129,498465,691951,805334,294678,82624,610453,264293,81735,830154,108697,60528,119989,145736,124996,127412,980392]

 - problem: 92
   correct_answer: 2
   offers_x: [819275,80402,980188,523673,135603,508383,76954,249037,113045,369236,268686,842725,806877,353620,108232,969468,608754,123793,626422,570604]
   offers_y: [26577,379976,780868,18076,282296,850885,136954,291806,743055,229835,628252,124547,363105,134257,688066,411673,861166,171369,20129,109058]

 - problem: 93
   correct_answer: 7
   offers_x: [599727,700205,457878,992173,408825,714123,656391,986147,15632,40026,887926,190560,219743,917451,714223,609835,192607,772690,190241,749533]
   offers_y: [552785,334944,861021,68844,1047386,275602,351395,189363,1044868,141466,325262,823445,174321,11571,484890,231204,678972,382413,497513,633525]

 - problem: 94
   correct_answer: 3
   offers_x: [824849,548749,483009,803015,193170,193217,359024,127776,598416,303840,200613,102639,230553,836024,874616,793197,1018432,416794,465908,1045028]
   offers_y: [636807,145745,608683,86920,1026913,720715,306114,751350,634970,117730,342307,228009,508128,798666,595161,1044083,359273,209567,1021890,771579]

 - problem: 95
   correct_answer: 3
   offers_x: [511412,823211,79869,590144,477106,681710,438176,411944,928288,75636,566885,875302,100280,1038839,663654,556531,425593,443242,882760,962839]
   offers_y: [640001,511649,887692,287311,926899,749315,680377,744841,843660,914039,777814,677571,431323,623554,382072,548154,613309,134856,1018466,610575]

 - problem: 96
   correct_answer: 6
   offers_x: [1007355,392032,188885,860408,598755,101006,75294,624404,238685,213740,346716,521450,367747,1036605,487195,851559,228677,60684,1029235,246158]
   offers_y: [211071,290553,984609,162514,594663,111170,842706,361089,197010,380065,309554,234023,943544,378693,851580,556542,272213,993804,725169,876433]

 - problem: 97
   correct_answer: 2
   offers_x: [4476,186372,533853,761389,69490,74416,874936,1000383,324125,42324,455700,409527,106869,782108,474376,36365,81628,391410,599501,647838,818081]
   offers_y: [371404,1035282,28612,480446,3221,560012,36979,962055,323182,399343,100542,897471,476601,61512,87959,959864,958016,196824,319886,883646,128194]

 - problem: 98
   correct_answer: 6
   offers_x: [339176,336509,796429,748510,701540,806694,21467,767085,151397,804366,37273,456408,596383,623443,393916,970439,28432,306973,669659,992665,198663]
   offers_y: [622664,3886,732873,91487,481705,334143,543523,356209,37085,626986,745155,646585,62640,753825,726760,698734,946805,847223,518480,648400,436143]

 - problem: 99
   correct_answer: 3
   offers_x: [105045,234018,610284,434901,742199,1012493,790879,394095,753979,311118,390725,600133,913385,41689,510871,975546,771171,437497,991059,1029291,910626]
   offers_y: [93198,657889,822258,282784,17983,410193,981721,647113,287698,475907,711453,517601,666593,366237,343046,409885,331656,660375,799353,611777,20652]

 - problem: 100
   correct_answer: 5
   offers_x: [314651,796704,705062,459968,595311,186163,218650,252006,852291,597404,878671,669432,833539,454412,1042040,478140,889809,851376,802929,84840,379476]
   offers_y: [967386,821790,512119,783454,109494,1019687,956988,663569,287071,314047,516461,181852,443165,362857,715915,898880,69240,888846,445357,1018894,276602]
