##########################################
# These problems were randomly generated.
##########################################
problem_set_number: 5
problems: 100

data:

 - problem: 1
   correct_answer: 1
   horizontal_lines: [4,1155967,1644066,3551011,6922338,7385440,8388608]
   vertical_lines: [4,1361796,1545502,4658816,4736849,7861513,8388608]
   rabbits_x: [1463935,1379948,1406242,1424747,1487746]
   rabbits_y: [3920676,4680818,4236260,3710413,6099303]

 - problem: 2
   correct_answer: 1
   horizontal_lines: [4,813226,3687766,4059037,5556671,6747838,8388608]
   vertical_lines: [4,809128,2722455,4247711,4248511,7838681,8388608]
   rabbits_x: [4072876,3078830,3820261,2937022,3673504,3850962]
   rabbits_y: [5249873,5246950,4109319,4817673,5293857,4513418]

 - problem: 3
   correct_answer: 2
   horizontal_lines: [4,499635,4767155,5232585,5582350,6879706,8388608]
   vertical_lines: [4,793938,1265383,3294879,4696515,5461673,8388608]
   rabbits_x: [873377,872128,668953,1006126,611394,780635]
   rabbits_y: [4917308,5208402,5243768,4985981,5503661,5390700]

 - problem: 4
   correct_answer: 1
   horizontal_lines: [4,13217,61228,177317,2479348,5626553,8388608]
   vertical_lines: [4,2708352,4230977,5188734,7327172,7662741,8388608]
   rabbits_x: [6034183,5900270,6459947,5854932,6922331,5442507,6339989,6411347,6976424,6453682]
   rabbits_y: [7235518,6306940,6292165,7356316,6499882,8335488,8047255,6467348,8233286,6590792]

 - problem: 5
   correct_answer: 1
   horizontal_lines: [4,124094,820721,2543298,3103915,5047343,8388608]
   vertical_lines: [4,923867,1924647,6070540,6899051,7272979,8388608]
   rabbits_x: [7221857,7167298,7141233,7217184,6914791,7050099,6937577]
   rabbits_y: [560906,316175,306760,679774,586450,805901,451975]

 - problem: 6
   correct_answer: 3
   horizontal_lines: [4,555952,820804,5575070,6360868,7863536,8388608]
   vertical_lines: [4,1861119,2393474,3634357,5172367,5859415,8388608]
   rabbits_x: [633549,526500,6965874,974149,1684766,462090,1100678,308126,149181,1463118,718792,48421]
   rabbits_y: [235081,7920233,807640,139478,99633,325719,98102,192642,3720,443526,306606,240004]

 - problem: 7
   correct_answer: 1
   horizontal_lines: [4,1151488,1737325,5219588,6377473,7802371,8327915,8388608]
   vertical_lines: [4,1337009,1887523,2499082,4996899,5102763,7700008,8388608]
   rabbits_x: [5026091,5090257,5080772,5002288,5043748,5087500,5012815]
   rabbits_y: [8382062,8334723,8386144,8347898,8329021,8327926,8379621]

 - problem: 8
   correct_answer: 1
   horizontal_lines: [4,282498,1231290,1832562,6305495,7433076,7576631,8388608]
   vertical_lines: [4,545107,1505316,1673737,4838977,5839833,7596778,8388608]
   rabbits_x: [1585324,1622634,1516480,1630999,1612686,1551363]
   rabbits_y: [3834438,2479563,3128970,2984852,6131696,6112037]

 - problem: 9
   correct_answer: 1
   horizontal_lines: [4,1510902,2209797,4143907,4419255,5900944,7832404,8388608]
   vertical_lines: [4,262732,2288135,3775451,4298519,6117635,7633927,8388608]
   rabbits_x: [7498553,7185328,7211775,7551982,6201280,7440663]
   rabbits_y: [1003210,1069359,435110,256986,989064,679080]

 - problem: 10
   correct_answer: 2
   horizontal_lines: [4,107678,998858,1335903,5292846,5936621,7489876,8388608]
   vertical_lines: [4,170504,1674451,2933232,4781565,5079747,8152944,8388608]
   rabbits_x: [4902660,5042783,137470,10725,4967118,102740,5030690,10405,115248,5058]
   rabbits_y: [5582879,5535642,6376052,6703224,5741411,6287027,5484633,6054735,6166280,6318361]

 - problem: 11
   correct_answer: 2
   horizontal_lines: [4,40238,3096496,3592372,4238357,4385595,4867772,8388608]
   vertical_lines: [4,796085,1170135,1490607,6503183,7074841,8147071,8388608]
   rabbits_x: [1445710,6969190,1385355,6886104,1350511,1369405,1348900,1324565,1364861,1319232,1187924]
   rabbits_y: [3975431,1156901,3651839,685720,3696195,3754729,4054145,3877331,3710524,3975442,4069789]

 - problem: 12
   correct_answer: 2
   horizontal_lines: [4,2455387,2614258,2922147,2987594,3812422,7048507,8388608]
   vertical_lines: [4,3718864,3869065,6337062,7344065,7836109,7895736,8388608]
   rabbits_x: [3781172,8072213,3814884,8163782,8150281,3854244,8172572,8228977,8257279,8254646]
   rabbits_y: [3330407,3309638,3125209,3647635,3684686,3030921,3149829,3532030,3079006,3059993]

 - problem: 13
   correct_answer: 2
   horizontal_lines: [4,1299701,1867732,2698474,4912446,5849278,7027313,7733084,8388608]
   vertical_lines: [4,1546415,2489298,5683156,5900817,6557215,6706872,7197764,8388608]
   rabbits_x: [2606216,4662707,6977758,3465208,6825227,3220952,4116228,7057404]
   rabbits_y: [1407198,1340958,1723476,1821120,1387589,1339661,1857725,1706750]

 - problem: 14
   correct_answer: 2
   horizontal_lines: [4,362013,753320,2422557,4893039,5570656,6814021,6928006,8388608]
   vertical_lines: [4,717632,996229,1248293,4912296,5008837,6750516,6973695,8388608]
   rabbits_x: [787174,885138,937333,954239,7472543,798131,7003066,983435,779978,7546866,8095617]
   rabbits_y: [3136639,3934042,2444641,2823357,8040750,3869686,7664674,3896291,4084940,7410265,7190138]

 - problem: 15
   correct_answer: 2
   horizontal_lines: [4,1321099,1619369,1666739,3337680,5735636,7417008,7626141,8388608]
   vertical_lines: [4,505153,3385019,4829845,5643537,7136855,7618897,8067646,8388608]
   rabbits_x: [4871734,5341942,4986465,346015,5595864,5305417,401521,5487472,4949234,394239,4949736,38380]
   rabbits_y: [1628387,1620754,1635443,436038,1639276,1643475,629903,1628742,1624321,935964,1634289,711426]

 - problem: 16
   correct_answer: 1
   horizontal_lines: [4,668418,817360,1134094,1751581,2536803,6828790,7634372,8388608]
   vertical_lines: [4,491179,598512,828463,929492,3503455,4584487,6764175,8388608]
   rabbits_x: [471494,107731,169732,413146,71002,212046,264540,90213]
   rabbits_y: [7502703,7588485,7444392,6860498,7182146,7240786,7105642,6945351]

 - problem: 17
   correct_answer: 3
   horizontal_lines: [4,1244448,2143146,3078474,5616698,7339458,7825621,8175631,8388608]
   vertical_lines: [4,585092,1021173,3795707,4134416,4647369,4922374,7365730,8388608]
   rabbits_x: [3197819,4441092,430365,4273014,2410320,1684391,2854973]
   rabbits_y: [4527586,1136731,2472093,361124,4950012,5112807,4680589]

 - problem: 18
   correct_answer: 1
   horizontal_lines: [4,1526566,1640090,3716488,4048478,5048684,6615539,8018163,8388608]
   vertical_lines: [4,1130604,2222505,3535157,3863681,5035950,5571459,7780292,8388608]
   rabbits_x: [5458071,5460017,5311527,5472630,5132623,5411389,5269312]
   rabbits_y: [6436755,6133740,5787278,6167209,5342809,6393062,5188998]

 - problem: 19
   correct_answer: 2
   horizontal_lines: [4,285232,413060,529913,2919235,3713835,3720324,5661833,5776364,8388608]
   vertical_lines: [4,592471,1402232,4449397,4466310,6565270,6698283,6795642,7718391,8388608]
   rabbits_x: [2521327,3931196,4451331,4464477,4249823,3736392,1470303,4462441,4184637,4453727]
   rabbits_y: [5704008,5699124,146646,37212,5767335,5751284,5676392,107045,5748469,93285]

 - problem: 20
   correct_answer: 2
   horizontal_lines: [4,251864,1410934,2435196,3898923,4330087,5512589,5704173,6158874,8388608]
   vertical_lines: [4,189213,2448776,3296060,3887233,4870186,6160941,7423200,7578796,8388608]
   rabbits_x: [4687856,3002950,4376358,2625382,2778081,3232622,3099321,4203259,2762671]
   rabbits_y: [5541824,3929309,5646508,4278811,3940627,4190516,4327421,5554540,4127125]

 - problem: 21
   correct_answer: 3
   horizontal_lines: [4,3826482,5431366,5838934,5939539,6023686,6523333,7806809,8383983,8388608]
   vertical_lines: [4,10357,3929649,4292571,5152945,5618309,6082539,7590545,8076162,8388608]
   rabbits_x: [5214523,4077408,8112721,4278879,3940634,8216600,5509941,5543421,4031583,8346079,8282001,8110935,8208445,8326507]
   rabbits_y: [4999358,8169910,1183380,8020343,7824658,3165503,4928274,3847148,8236219,944005,1300915,3751421,1439190,16262]

 - problem: 22
   correct_answer: 2
   horizontal_lines: [4,345782,1187695,1977252,3015843,3284007,5668620,6025338,6839326,8388608]
   vertical_lines: [4,2004019,2061461,3419153,3547886,4369885,5000412,7652667,7709131,8388608]
   rabbits_x: [4059897,4735589,4439170,3584566,3872232,3610459,4080527,4028416,4433562,4649672]
   rabbits_y: [6739686,3149737,3020330,6364851,6346879,6757777,6216233,6158327,3183176,3197969]

 - problem: 23
   correct_answer: 1
   horizontal_lines: [4,306459,2182717,2438225,3496617,3585622,3842056,4132952,5201836,8388608]
   vertical_lines: [4,61041,282216,1834628,2281963,3710972,4600582,5409368,6772325,8388608]
   rabbits_x: [4920678,5201167,4627325,5050867,4991789,5199256,4626825,4600719,5155253,5216947]
   rabbits_y: [3193224,3163425,2549502,3245847,2681298,3342124,2573697,3209162,2929295,2834334]

 - problem: 24
   correct_answer: 2
   horizontal_lines: [4,2398619,2415861,3084674,4231754,7136121,7168274,8166121,8341908,8388608]
   vertical_lines: [4,11137,3175999,3460454,3610109,3834659,5609851,5781495,6617977,8388608]
   rabbits_x: [3460671,3528731,3542407,3534661,3462823,3560952,3512081,3589856]
   rabbits_y: [4362340,5160457,6664800,5400023,7152421,4406783,5786191,7043205]

 - problem: 25
   correct_answer: 5
   horizontal_lines: [4,1762702,3118396,3698225,3739289,4299233,4936036,5214513,6936432,7375119,8388608]
   vertical_lines: [4,407445,473342,2203179,4642598,4670200,5830709,6673627,7341400,8077984,8388608]
   rabbits_x: [8137212,6149404,4667476,6194267,2860423,4667096,4670076,6222599,2524362]
   rabbits_y: [8046405,3738071,3737077,4945567,5809166,3726774,3736452,3717447,5438644]

 - problem: 26
   correct_answer: 3
   horizontal_lines: [4,1803161,2157567,2369538,3508787,4277279,4961316,7498186,8078858,8196482,8388608]
   vertical_lines: [4,756541,1646454,2316472,4159617,4533654,4704667,5848579,6730763,7007761,8388608]
   rabbits_x: [8183722,7012272,7229102,8271619,7508716,8036018,359306,8093771,7899208,8097292,86779,7850511]
   rabbits_y: [6595878,4981619,8210491,5358262,5751722,5926308,7960032,5389844,5971942,4996725,8017880,6220891]

 - problem: 27
   correct_answer: 2
   horizontal_lines: [4,809460,1921897,4870923,5265540,5768990,6329856,7294027,7826014,8031213,8388608]
   vertical_lines: [4,327846,1810221,3306274,4432734,5081288,5381558,6587188,6588547,8215631,8388608]
   rabbits_x: [5216015,5339743,5159846,3558082,5203141,3757335,4278161,5361143,3607867,4243821,4242088,5203207,5104681,3959735,4347964]
   rabbits_y: [7576756,7318992,7405020,1038016,7338895,1072775,1069218,7377386,1209697,1418817,1486606,7403861,7801027,819287,1516962]

 - problem: 28
   correct_answer: 3
   horizontal_lines: [4,151851,322866,1137537,5532793,6759124,7734283,8131606,8246324,8359399,8388608]
   vertical_lines: [4,683716,1011179,3021389,3252559,4305812,4834810,5616630,7234525,8002422,8388608]
   rabbits_x: [446060,312028,297624,33289,638597,93782,2627847,507021,234329,562640,349343,409096,452210,452247]
   rabbits_y: [7776943,7965588,8129498,8125064,8091213,6414379,8366723,7903143,6004704,7961143,5558329,7771967,5581685,7879325]

 - problem: 29
   correct_answer: 1
   horizontal_lines: [4,741579,1877227,2071879,2638232,4351159,5144054,6819840,8142050,8177100,8388608]
   vertical_lines: [4,306554,748316,1466121,1491651,3056910,6080440,6203587,7590557,8206809,8388608]
   rabbits_x: [6106124,6160445,6158407,6142458,6135311,6132533,6108920,6101189,6170947]
   rabbits_y: [8328825,8366020,8276879,8302585,8262431,8184739,8346934,8381407,8209138]

 - problem: 30
   correct_answer: 2
   horizontal_lines: [4,826206,1275952,1366688,3511679,3570553,7487995,7567387,8138601,8168462,8388608]
   vertical_lines: [4,2244099,3604772,3794757,4299923,4512524,5205861,5477127,5726373,7009261,8388608]
   rabbits_x: [5016644,5013124,4961204,5708847,4773419,4974118,4621216,4769056,4914081,5001017]
   rabbits_y: [8159845,8140199,8163273,7470969,8154942,8139494,8146950,8159178,8159517,8139301]

 - problem: 31
   correct_answer: 1
   horizontal_lines: [4,2278312,3180753,3494519,4181534,4311558,5463311,5593287,7932125,7966881,8247147,8388608]
   vertical_lines: [4,62487,205357,324640,387181,450221,1161017,1778021,3615294,6272733,6973801,8388608]
   rabbits_x: [334908,349131,325303,365350,363650,369486,372332,343005,364500,373598]
   rabbits_y: [3805280,3555579,3864081,3500450,4126255,3994973,3938314,3508806,3825135,3674049]

 - problem: 32
   correct_answer: 2
   horizontal_lines: [4,595942,1385923,1886450,2979722,3601052,5193754,5296814,7005215,8122873,8359761,8388608]
   vertical_lines: [4,441352,1053359,3912403,4750035,5368348,5430603,5859093,6755793,7374355,7374855,8388608]
   rabbits_x: [5654792,5728011,5398713,5368548,5497167,5679940,5377401,5548334,5420288,5666031,5503048,5471203,5728847,5696299,5386925,5382858]
   rabbits_y: [3204259,3154990,5859884,5469234,3267287,3598506,6561953,3453892,5811347,3391539,3583015,3449765,3466035,3308785,5614598,6316258]

 - problem: 33
   correct_answer: 3
   horizontal_lines: [4,2317035,2705912,2753594,3222366,4123871,4625959,5684120,7236876,7766611,7913626,8388608]
   vertical_lines: [4,47949,886238,1272869,1295051,1687302,2273844,2722670,5204514,6161986,7504278,8388608]
   rabbits_x: [2360078,2299033,467133,611442,822008,2425424,460423,2288739,827313,726771,2451586,294815,490082,2321901]
   rabbits_y: [7658520,7414409,8022718,8192684,8070945,7681796,8095311,3193243,8163019,8000432,7268014,8223301,8065777,7360588]

 - problem: 34
   correct_answer: 1
   horizontal_lines: [4,1416812,1512458,2985509,3211131,3661209,5110095,5175176,6260806,6659341,6698019,8388608]
   vertical_lines: [4,538343,922218,2420205,4065750,4881523,4888051,5987109,6789624,7436455,8241580,8388608]
   rabbits_x: [4716242,4105063,4224664,4837649,4369464,4210478,4233653,4694403,4440476,4125941]
   rabbits_y: [1624265,2260890,2825858,1583916,2627613,2003579,2625194,1657166,1833374,2051052]

 - problem: 35
   correct_answer: 2
   horizontal_lines: [4,1197408,1320195,2355101,4062729,5135080,6054226,6325212,6352539,6606355,7185452,8388608]
   vertical_lines: [4,189471,1282189,1668475,2250974,3578605,3680471,3684553,4005602,4924453,8340228,8388608]
   rabbits_x: [1557400,1352442,1696721,1442469,2103476,1664525,1980864,1402875,1567164,1435212,1573888,2178253,1996807,1423905]
   rabbits_y: [5234545,5886868,3520250,5141374,3374348,5524529,2490490,6023988,5954027,5590047,5270701,2709197,3001334,5258682]

 - problem: 36
   correct_answer: 3
   horizontal_lines: [4,22432,954372,1493515,3312988,3345495,5337217,5900467,6723848,7509924,8004213,8388608]
   vertical_lines: [4,2098,26429,2200151,2717111,2781641,3080703,4071997,7747528,7796703,8122574,8388608]
   rabbits_x: [7983995,7940785,1767046,8131407,8101720,8021155,8293857,8169433,7906266,7880054,8168140,883364,7806486,7825711,7999798,744725,1559714,8227592]
   rabbits_y: [7656115,7912803,916253,7781420,7630857,7662446,7919651,7748132,7620311,7624859,7610595,54931,8002900,7709668,7673847,299644,657551,7635525]

 - problem: 37
   correct_answer: 4
   horizontal_lines: [4,253168,976681,1674408,1961922,3121795,3214529,4249890,4303544,5957305,6516280,6798096,8388608]
   vertical_lines: [4,547898,593704,1768043,2094350,2290521,2366885,3452984,4529618,4943746,6778506,7142584,8388608]
   rabbits_x: [3969042,3444149,2354733,3958507,4010066,2310571,4199912,3191489,2337672,2310093,3804853,4166592,2396914,3950767,2558606]
   rabbits_y: [4229853,4283715,3154068,4095490,4142357,6843891,3367816,4279501,7112348,7210264,3699013,3821033,4292495,3525761,4253611]

 - problem: 38
   correct_answer: 3
   horizontal_lines: [4,341004,704794,1018071,1893876,3044918,5100596,6013118,6015759,6531706,7730937,7767817,8388608]
   vertical_lines: [4,816533,1371878,2101698,3589280,5373279,6211359,6426913,6689238,7906785,8320197,8343378,8388608]
   rabbits_x: [8139704,8333466,8109188,7974770,4714055,8305903,8187786,5123968,8323765,8028929,4179619,8340403,5044885,3799536,7985975,8342930,8209076,7908827,4900459,8205924]
   rabbits_y: [7760955,141066,7745853,7763260,8264187,7744890,7765273,8383618,81991,7734005,7989119,129945,8041442,7853931,7734979,90263,7749356,7762099,7923727,7747691]

 - problem: 39
   correct_answer: 3
   horizontal_lines: [4,94749,512694,1031125,1143059,3219411,3664300,4224651,4744999,6166174,7726714,8359725,8388608]
   vertical_lines: [4,89531,332494,672813,1985888,2024492,3193268,5159561,5528254,6096532,7834849,7844260,8388608]
   rabbits_x: [5956699,2009868,1995920,5592610,8086727,5747252,5880557,5748885,5984412,1996976,2019590,5568508,2024113]
   rabbits_y: [6897992,1833488,1322231,6212256,7794703,6920668,6855801,6660535,7056797,2479760,2355769,6759728,3091977]

 - problem: 40
   correct_answer: 2
   horizontal_lines: [4,790841,839562,1585838,2438263,2877538,2882557,3829765,4269811,6561368,6883105,8095665,8388608]
   vertical_lines: [4,477972,940150,1652371,1986087,2647066,2927007,3167188,3821779,5069046,6716015,7157923,8388608]
   rabbits_x: [778779,6867132,6724550,710589,6744320,6866731,826073,934799,7155751,671507,6964577,856441,759239,757785,6753402,6742954,7141499,6863482]
   rabbits_y: [8265273,343984,224526,8308558,776131,51556,8333878,8096473,554152,8280114,209291,8250930,8371164,8246542,363628,288793,33225,670780]

 - problem: 41
   correct_answer: 2
   horizontal_lines: [4,469105,1107376,1527393,1651096,1765307,1787133,2697333,3755896,5573320,6416128,7908345,8388608]
   vertical_lines: [4,325008,1432797,1781310,4640819,4852377,5574248,5627337,5768310,5982730,7800682,8363890,8388608]
   rabbits_x: [5644081,762798,5630888,5728612,704567,1196529,854458,360664,1386288,1067467,806115]
   rabbits_y: [1388962,244687,1170301,1210404,122460,132582,257511,382399,160073,342731,54239]

 - problem: 42
   correct_answer: 2
   horizontal_lines: [4,1216703,1353200,1595122,2185961,2843165,3283428,3523990,4309934,4339890,4455706,7349778,8388608]
   vertical_lines: [4,2873856,2946183,3606014,3896926,4153632,4694303,5646927,5758559,6891514,7116016,8326139,8388608]
   rabbits_x: [6451211,6084962,6650996,6009486,6873912,6084787,6538858,7695116,6256557,6413471,6371042]
   rabbits_y: [1420838,1523406,1431315,1517722,1557184,1503774,1506306,400567,1516622,1503127,1457119]

 - problem: 43
   correct_answer: 2
   horizontal_lines: [4,553437,745722,1289658,1751438,2731051,2972234,3813646,3848802,5917279,6494563,7826349,7970872,8388608]
   vertical_lines: [4,384363,420859,2755784,3192140,4142652,4392413,5925944,6233397,7444440,7590098,7877111,7908727,8388608]
   rabbits_x: [5992703,5958032,5928661,6099765,3944827,6002314,6218472,3987910,6082093,3845474,6143321,6124239]
   rabbits_y: [2595972,1821466,2319039,2563417,1493037,2675682,2325906,1360333,2130191,1698186,2526750,1952427]

 - problem: 44
   correct_answer: 3
   horizontal_lines: [4,339962,417210,626512,2223327,2253044,2260117,2882949,3851423,4169545,4723420,5417739,5790463,8388608]
   vertical_lines: [4,164408,480483,1097712,2045263,5124074,5294826,5943806,6055992,6875748,6905056,8272044,8354509,8388608]
   rabbits_x: [8306984,8330402,6881867,6878441,8302013,6888736,5981237,6891061,8292025,8286286,6881542,8275298,8322389,8289503,6019414,8328281,8272875,6901288]
   rabbits_y: [443541,517428,5755532,5757482,614392,5660568,4404040,5451834,563800,571045,5488842,563092,559812,510737,4201068,476373,574610,5579314]

 - problem: 45
   correct_answer: 3
   horizontal_lines: [4,270407,315643,334691,919950,1020478,1447058,2584032,3315643,5151743,6050130,7140610,8124334,8388608]
   vertical_lines: [4,601741,1497115,1537675,1554505,1886823,2714722,3459704,3596605,5166756,5209328,6767994,7706057,8388608]
   rabbits_x: [5167686,5173143,1647020,1603880,1741828,3515813,3583864,1701172,3592323,3544313,5180304,1756398,3547361,3526359,3516116]
   rabbits_y: [7314264,7542590,3694903,3337119,4594174,1010392,978359,3625057,952836,985440,7545465,4299536,962563,1016409,991707]

 - problem: 46
   correct_answer: 4
   horizontal_lines: [4,677425,702232,864627,2892691,3168155,3407864,3608334,5688644,5996994,6685897,7937966,8212112,8388608]
   vertical_lines: [4,390000,1850323,1946478,3713726,4033266,4390546,5367000,5846203,6022829,6061348,6584000,6725822,8388608]
   rabbits_x: [5686966,5853597,5496650,5876185,5888934,5850927,5944121,5926130,346457,5957184,203050,5985710,5921970,5973291,110455,5922106,5808218,14709,5575710]
   rabbits_y: [3694691,793353,4223357,709050,766342,737148,837076,7993696,681667,820291,686336,8005097,778718,845777,692843,7954136,4572585,678750,3696037]

 - problem: 47
   correct_answer: 3
   horizontal_lines: [4,426336,637336,650622,2301599,3045895,3092714,4505023,5519448,6096135,7010203,7032947,7580756,8388608]
   vertical_lines: [4,347538,651146,696388,756346,1198374,1587045,5452179,5857677,6629644,6661808,7416931,8301448,8388608]
   rabbits_x: [6404044,8130666,5879737,5958637,691048,8267351,6239960,689362,6370187,7976918,5931362,7896077]
   rabbits_y: [5418261,8306246,5146153,4821575,472960,8160848,5136002,605315,5195945,7872192,5078343,7661649]

 - problem: 48
   correct_answer: 3
   horizontal_lines: [4,259481,508626,713621,1764104,1959377,2235954,3253570,3411557,4061726,4776808,5334801,7916608,8388608]
   vertical_lines: [4,106323,831547,2681095,2953932,3675462,5718227,5830001,6082203,6585280,7441321,7498614,8056832,8388608]
   rabbits_x: [5846190,5969083,6012797,5944979,5944634,6048863,5996449,5855252,6073542,5250777,5895534,5973736,5947802,6006678,3951210,5922922,5895270]
   rabbits_y: [1385570,2320033,1737260,1583949,3192966,1403841,2956337,2630868,2788624,2161097,2445985,2929769,952822,1080670,2173733,970333,940560]

 - problem: 49
   correct_answer: 4
   horizontal_lines: [4,934098,2569457,2583027,4231613,4771917,4842938,5017671,5414995,5479555,5945431,6490901,6745233,8191824,8388608]
   vertical_lines: [4,85611,2557583,2805999,3184578,3444455,3570502,3908375,4854003,4892903,5793895,6869728,7249187,8160410,8388608]
   rabbits_x: [7102384,6997119,6724092,6369694,3071124,7209035,5976310,7046343,7123403,5993459,3258230,6997066,6297852]
   rabbits_y: [6593870,6587210,1650679,1695322,8100471,6637488,2418827,6573649,6518547,2339776,2572597,6497684,1977753]

 - problem: 50
   correct_answer: 3
   horizontal_lines: [4,486964,636495,1089075,2958396,3169496,3386181,3709057,4470142,4660299,4966995,5093692,6591096,7628215,8388608]
   vertical_lines: [4,1520607,1548382,1603254,1861670,2127828,3613142,3904393,4313534,4646002,5638825,6045411,6109703,6624434,8388608]
   rabbits_x: [1841662,1736629,8095481,7805114,7531374,7570129,6628122,1784446,1740569,7409244,7393402,7019130,6746445]
   rabbits_y: [3876843,4140757,3481241,3613687,3446097,3388729,3669694,4651330,3809386,3689255,3707857,3409698,3607117]

 - problem: 51
   correct_answer: 4
   horizontal_lines: [4,1151056,1338553,1508502,1995896,2994462,3091288,4320712,5283198,5444826,6143715,6291773,6604875,7143400,8388608]
   vertical_lines: [4,10454,596038,697449,982777,1574168,2773460,2788829,3707058,4661270,5443756,7374036,7487669,7706588,8388608]
   rabbits_x: [4034388,3842946,8386006,3952491,2782301,3836316,4443001,2776170,110359,4465305,403885,3794277,3954928,343802,2780049,7978345,7853224,7886877]
   rabbits_y: [1501137,1452082,5534817,1342456,3069939,1412207,1463604,3077202,6187874,1361536,6169697,1455546,1384652,6264243,3001026,6066188,6109697,5535196]

 - problem: 52
   correct_answer: 2
   horizontal_lines: [4,1551455,1601121,1836544,2015174,3633172,3700973,3803546,4117564,4224650,6214579,6606195,7055089,7522792,8388608]
   vertical_lines: [4,613925,2911162,3731158,3891639,4864982,4924583,5225510,5248761,6096324,7214599,7415588,7514442,7800478,8388608]
   rabbits_x: [2320649,1514214,2434463,2013881,1708141,2467428,2582947,7016602,2161866,876197,1757811,6863566,6776943]
   rabbits_y: [2293294,2560102,3463034,2538045,2748874,2397988,2110130,4277438,2512045,3063856,2415172,4981319,4271800]

 - problem: 53
   correct_answer: 3
   horizontal_lines: [4,861914,1277732,2583300,3363375,3762697,4900948,4995502,5029240,5197712,5706489,6614088,7446078,7754730,8388608]
   vertical_lines: [4,1446391,1914873,2400494,2829750,3343691,3978377,5621385,6113229,6144993,6277831,7422137,8201181,8321663,8388608]
   rabbits_x: [3109116,6124619,3320371,4436955,6138633,5426814,3166829,5438479,2947438,3017737,5151336,4827851,4795664,4510156,6133067,2834828,4897921]
   rabbits_y: [5012085,5087972,4996010,7106696,5119162,6985656,5008051,7198722,5010818,5019245,6863365,7094027,6839272,6987532,5069790,5005718,6989933]

 - problem: 54
   correct_answer: 4
   horizontal_lines: [4,113248,283061,4301485,5180337,5307119,5414357,6422243,6498143,6602832,6691417,6776095,7772899,8225667,8388608]
   vertical_lines: [4,803887,1389452,2159902,2629355,3405465,4181966,4442460,4613597,4653588,4772536,5751362,6791910,7685573,8388608]
   rabbits_x: [14646,6254855,530314,451214,1495253,2055087,4616389,1424809,502449,186694,4647635,487528,4651021,6322820,6405958,5799328,292028,4647878,4622100,363569,688947]
   rabbits_y: [173905,5196598,145449,277263,5382571,5328413,999213,5397022,171132,174209,3630507,183901,657101,5216808,5253253,5190778,132369,1573850,2025470,160480,204163]

 - problem: 55
   correct_answer: 4
   horizontal_lines: [4,63582,149062,807736,1883090,4019012,4030315,4050044,4099614,4300204,4814775,5766244,6168657,6786775,7761577,8388608]
   vertical_lines: [4,381289,1700695,2527821,3002741,3070266,3361111,3597496,4430958,4967189,5399337,6010823,7962142,8223139,8382123,8388608]
   rabbits_x: [2456593,8335986,1088563,2511889,482506,1574374,945580,1908214,8269665,8319924,2422006,3371102,740721,8361488,3402965,2460617,3373076,1912986]
   rabbits_y: [4541672,6040,4923288,4622902,4844062,4909849,4985030,4590839,39353,34839,4514760,6179854,5270143,46953,6482002,4737624,6309442,4603445]

 - problem: 56
   correct_answer: 3
   horizontal_lines: [4,2218031,3107880,3608511,4158687,4236385,4705937,4857404,5250162,5929676,6140631,6777404,6983235,7466985,8309691,8388608]
   vertical_lines: [4,1129914,1445625,1756973,1933946,2674705,3143175,3615916,4134147,4638660,4757410,5439570,6600486,6743006,7174434,8388608]
   rabbits_x: [3185902,3441204,5194619,3485114,3167391,3670407,3190566,3359077,5053736,3458922,4813118,3312442,4911221,5431191,5388561,4000316,3325615,3472053,4785255]
   rabbits_y: [8340567,8352027,7217753,8353249,8371392,8361504,8371693,8367896,7039570,8349875,7319656,8338676,7170812,7392397,7000678,8345617,8327543,8325572,7434181]

 - problem: 57
   correct_answer: 2
   horizontal_lines: [4,429317,440386,453437,1477048,2429245,2620010,3392821,3413096,4187777,4395474,5092629,7536968,7870574,8385294,8388608]
   vertical_lines: [4,152954,1411250,1732037,2952290,3213475,3898054,3964988,4498337,4945064,5457593,5460982,5519551,6107690,8120882,8388608]
   rabbits_x: [3641247,5477035,5487710,3809432,3433630,5463440,3263225,5489744,3872337,3766618,5477973,5470239,3363046,3221211,3222837]
   rabbits_y: [3813343,413189,317696,3419636,3496306,235974,3906152,381578,3907730,4037738,138652,104420,3876417,3911454,3682797]

 - problem: 58
   correct_answer: 3
   horizontal_lines: [4,76847,762855,2384253,3832114,4188183,4961734,5335304,5648059,6499411,6814376,7451329,7467619,8021448,8180846,8388608]
   vertical_lines: [4,50376,1301389,1380383,1389365,1559668,1943309,2880371,4741623,5307058,5615398,6100787,6646858,7094358,7414280,8388608]
   rabbits_x: [3509921,4665526,2076671,5527018,3860179,4277330,1944419,2328352,2275537,5440078,3331039,5530483,5351307,4653508,5377919,2321203,4140643,3119661,2790554]
   rabbits_y: [1393482,1774752,3961964,7233433,1659195,1362692,3897818,3894473,3928827,6982528,2324508,7398198,7164239,2257055,7222007,3947973,2328467,1228695,4093923]

 - problem: 59
   correct_answer: 3
   horizontal_lines: [4,120264,748003,772148,2690634,4041653,4239305,4394780,4969414,6342441,6515973,6877026,7230902,7581767,8170781,8388608]
   vertical_lines: [4,196319,1166495,1247093,1368731,1433813,1701443,1933706,3590891,5025753,5053037,6341539,6581573,7457205,7776723,8388608]
   rabbits_x: [2079602,1860841,1849082,1884294,1784894,1787530,48246,1901326,1864158,50488,3327794,1787098,2821456,3161180,1896596]
   rabbits_y: [4983759,4267792,4254410,4280445,4283102,4342335,5781486,4356975,4329237,5646103,5683961,4336681,5777067,5575475,4295550]

 - problem: 60
   correct_answer: 2
   horizontal_lines: [4,679076,714288,1406446,1647126,1743589,1795622,3303492,4618668,4781443,5524357,5884973,5961745,7117857,7139627,8388608]
   vertical_lines: [4,104125,317106,378112,918444,1329997,3944033,4122783,4186927,4711994,5048466,5078806,6311168,7163024,7471416,8388608]
   rabbits_x: [6368863,6591241,6722118,4127614,4140501,6842192,4185580,7021837,4141712,7047530,4151955,6474529,4140266,4130107,6794778,4129052,4181527,6872389]
   rabbits_y: [990757,1152285,1329932,2945364,2868465,1399209,2288100,1043584,1823564,1404812,3060056,1112223,2763368,2792977,1367795,2941502,1828828,1290295]

 - problem: 61
   correct_answer: 3
   horizontal_lines: [4,1215427,1520940,2015441,2017971,2527855,2535847,2780815,3288178,4095798,4106012,4360183,4600259,4859869,5052429,7228041,8388608]
   vertical_lines: [4,235524,654394,2284262,2361698,3127218,3297075,5065856,5079951,5234962,5575593,5688269,6140220,7171518,7191034,8017821,8388608]
   rabbits_x: [164126,3524342,43789,1429831,4550668,4596139,91977,65232,4801932,1347769,4269924,4504063,39006,24373,4125016,1773856,4878665,8573]
   rabbits_y: [2559757,1415687,2664424,4100217,1430802,1463178,2760344,2777344,1359959,4100155,1430919,1260629,2754592,2583788,1252035,4101738,1421939,2770177]

 - problem: 62
   correct_answer: 3
   horizontal_lines: [4,412425,479489,579932,2092039,2109391,2331965,2440318,3165676,3209219,4310613,5244615,6539349,7486594,7507465,8383817,8388608]
   vertical_lines: [4,352133,399033,742255,811567,951904,1281744,1540619,2828914,2868639,3756896,6704808,7026767,7115954,7283153,8231556,8388608]
   rabbits_x: [782598,8246291,8367708,781250,768120,761291,8383665,755452,8325917,764811,8292302,8362892,8235267,8384090,764404,791321,8385274,767119]
   rabbits_y: [557189,8384370,2266335,529338,484105,523044,2292437,569078,2171410,535137,2251996,2140815,8384451,2246769,543831,517068,2234660,573954]

 - problem: 63
   correct_answer: 2
   horizontal_lines: [4,778355,926247,1314908,1482527,1706283,1783332,2819665,3997974,6020503,6331449,6713079,6961441,7443608,7787327,8019383,8388608]
   vertical_lines: [4,5168,809713,971377,2008259,2175765,3425514,3884772,4145679,4558115,4940735,5084643,5189840,6776565,7498533,8032182,8388608]
   rabbits_x: [2033671,2157260,4678202,2117712,2088234,4871243,4596679,4689755,4582389,4743777,2106308,4586847,2149799,2125376,4692476,2156104,4881666,2043063]
   rabbits_y: [1054747,968943,691456,1038504,1023579,527900,199916,54551,392872,546430,1263877,280613,1174496,1274063,566901,1061616,265403,1101744]

 - problem: 64
   correct_answer: 2
   horizontal_lines: [4,166640,260826,420507,552199,1408328,1476956,2015637,2140279,4387106,5646103,5884981,6466070,6968172,7749713,8202452,8388608]
   vertical_lines: [4,719260,992506,1431531,1602751,1680935,2698262,2778772,4722029,5334921,5732677,5993029,6585966,6677195,6760863,7442101,8388608]
   rabbits_x: [5912802,5843212,5768987,7123154,6842826,7271437,5766265,6846828,7387690,5971420,6823455,7299522,5802429,5883257,5847655]
   rabbits_y: [309393,351051,381251,149462,55557,157968,282286,79206,135958,325134,164942,50219,411858,386249,268470]

 - problem: 65
   correct_answer: 3
   horizontal_lines: [4,572227,932808,2990254,3050263,3381192,3487596,3495453,4533852,5175806,7555584,7590848,7663778,7796991,7839664,8154728,8388608]
   vertical_lines: [4,147496,185434,923610,2479718,2603244,2658791,3206975,4928141,5239624,5576644,5747098,5964377,6075697,6933100,7144402,8388608]
   rabbits_x: [6000207,5511874,6047497,6055413,5542905,2638918,6001344,5536937,2636859,6037304,5344656,2632552,5475951,2645991,6025844,5546637,5970742]
   rabbits_y: [3380523,7650247,3360674,3240490,7593967,7786250,3314651,7643660,7785180,3364439,7637741,7762076,7651396,7747419,3255605,7641082,3087561]

 - problem: 66
   correct_answer: 3
   horizontal_lines: [4,178113,897249,2402155,2551962,4411756,5221393,5512921,6317727,6379252,6656919,8131163,8190211,8238260,8255685,8370689,8388608]
   vertical_lines: [4,20584,292941,856790,1151025,3315227,3591399,3698899,3784048,4443389,5147563,5652100,5731007,5866658,7227841,7928181,8388608]
   rabbits_x: [2151686,3579540,3435111,2382677,2942044,3461194,3332859,1436578,1734082,3347086,1359739,3310126,3404784,3424572,3085986,2767065]
   rabbits_y: [2451577,6657171,7601179,2448154,2507666,7215769,3195137,2509747,2506513,7343246,2444988,2495706,8062520,7081753,2497359,2495215]

 - problem: 67
   correct_answer: 4
   horizontal_lines: [4,536937,1209500,1502111,2468741,3249628,4001562,4949248,4977486,5515151,6098518,6392830,6394079,6936134,7109693,7361626,7803737,8388608]
   vertical_lines: [4,277366,394278,601031,1503680,1601156,2864309,3442240,4067896,4100311,4476747,4837432,5962435,7535961,7609358,7672959,7951281,8388608]
   rabbits_x: [1548591,1583453,3278395,1592554,7624512,4572970,4573730,7646204,7647075,2956382,7616736,1581213,7613014,4708855,4556969,4747668,7612712,1558356,4568095,7616689,4718684]
   rabbits_y: [7208592,7291957,7334043,7346345,3312895,3702254,3932079,3587220,3308382,7305553,3379902,7233732,3448315,3864815,3810076,3693648,3703883,7251215,3966965,3406835,3720157]

 - problem: 68
   correct_answer: 4
   horizontal_lines: [4,245620,1848704,2215768,2270653,2373594,3418397,3753386,3754674,4032509,4096651,5032825,6134905,7475079,7556021,7633152,7707047,8388608]
   vertical_lines: [4,1395199,1642539,1816272,2442999,3415715,3564148,4048226,4129598,4145162,5671789,6004362,7443000,7637567,8125711,8170262,8225919,8388608]
   rabbits_x: [7738826,4139670,4143858,7638363,7965575,3719257,5847046,3643981,4138441,4003673,7962619,4131762,3595108,8011536,3708144,5816269,4139223,3622358,4137810]
   rabbits_y: [6674231,2318649,2326400,6914436,6227634,3994052,3580901,3935659,2346797,3823603,6542772,2284747,4026450,6449043,3975886,3735575,2310286,3799025,2336020]

 - problem: 69
   correct_answer: 4
   horizontal_lines: [4,376354,513471,835149,1280345,1720161,2099322,2232023,2540729,2651503,3874015,4624725,4825302,5093727,5192042,5383039,6579630,8388608]
   vertical_lines: [4,529261,627285,1906875,2410632,2426517,2590637,3163781,3905826,4031621,4302627,4732795,5714487,5847594,6810932,7009943,7891640,8388608]
   rabbits_x: [5337649,2253237,2280008,5745793,5838315,1949250,5845623,6867381,5074081,5843144,2184541,2063770,5257011,2323970,2203692,2409654,5693305,5832032,5510755,4819273]
   rabbits_y: [7794784,4498439,4286551,2210384,2125390,4416378,2113304,3910804,7006050,2155943,4140184,4005845,7040489,4172278,4369274,3917261,7892551,2166314,7008699,7223323]

 - problem: 70
   correct_answer: 4
   horizontal_lines: [4,6956,303274,564930,1263459,1519685,2178664,2601777,3210407,4319810,4339280,4636350,4670634,6199908,6969493,7042728,8030879,8388608]
   vertical_lines: [4,1047636,1071369,1332410,1745138,1928965,2730784,3264144,3992119,4158521,5320878,5354020,5689393,5695956,5953367,6976044,7877537,8388608]
   rabbits_x: [5339720,405301,5353389,1196084,1204822,423010,744014,1307794,5342551,689429,552433,1067300,1103534,316587,692402,5350031,1176704,5321890,1213938,593978,5350364,5328861]
   rabbits_y: [3882683,4646781,4071915,7316961,7849122,4665382,4641150,7361128,3632133,4640513,4660856,4347929,7357702,4659160,4653897,3234543,7626312,3864561,7058214,4639475,3333994,3624424]

 - problem: 71
   correct_answer: 5
   horizontal_lines: [4,522836,542156,953707,2179609,2679738,2869709,3698347,4113669,4295848,4536946,4558181,4831643,6749125,7029858,7245747,8342963,8388608]
   vertical_lines: [4,291335,311920,1007133,2710731,3927702,4536757,4854056,4958305,5101185,5108977,6087766,6343521,6548986,6990896,7399340,7817566,8388608]
   rabbits_x: [5106493,5106788,7831845,7862556,8353630,5103124,7905398,6449215,3137039,8185789,3288556,6442385,5107194,4553529,3492841,8080195,6373428,3040710,5103766,8364778,5102800]
   rabbits_y: [2701505,2706035,95824,474789,482400,2820737,160177,4540612,2222713,520360,2348462,4554249,2851234,5094881,2673546,187491,4549416,2582194,2770671,105060,2778688]

 - problem: 72
   correct_answer: 5
   horizontal_lines: [4,617993,642468,965633,1512589,2470375,2525526,3173177,3222195,3319024,3480966,3534000,4148762,4407830,6564318,6722888,6750071,8388608]
   vertical_lines: [4,19069,475125,802584,1045591,3233014,3533604,3537026,4639164,4702328,6855701,6967936,7347324,7440060,7570202,8191904,8242831,8388608]
   rabbits_x: [6969052,7325615,3343675,7005144,7183814,7209822,3341687,7413691,7415064,117680,7063217,7096264,7270968,3480159,7116257,7124855,3374564,7220602]
   rabbits_y: [4570781,2120282,607391,4924362,6527753,4459641,304086,3291625,3247142,2472734,6344036,5145966,4647991,9110,5058281,4846182,550633,4859630]

 - problem: 73
   correct_answer: 4
   horizontal_lines: [4,543417,558745,914280,1594897,1598109,1646030,2160352,2246561,2274124,3080686,4613787,5217072,6205064,6307455,6637187,7259182,7420104,8388608]
   vertical_lines: [4,160704,237321,545488,2056006,2333174,2583342,2838373,3092681,3657553,4325060,4352738,5149371,6046321,6918750,7224920,8023891,8139974,8388608]
   rabbits_x: [2212685,70998,2125948,91152,2230864,2176760,2341072,2522959,59033,2328854,2107226,36603,2363044,3039837,2581697,2576137,2883901,2017,2566475,2874866]
   rabbits_y: [7311799,7309087,7327353,7317948,7366382,7309632,2247109,2269909,7323335,7372036,7282647,7306885,2266751,653485,2255432,2249965,629637,7399938,2247816,900897]

 - problem: 74
   correct_answer: 4
   horizontal_lines: [4,54068,341100,1366827,2844266,3217290,3772926,3874432,3917585,3924520,4439215,4666273,5678387,5906784,6635316,6787540,7457425,7480431,8388608]
   vertical_lines: [4,1839448,2482852,2507965,3138964,3691753,3853403,4343031,4498355,4607521,4705831,5256350,6516906,6665853,7027998,7420757,8050653,8166854,8388608]
   rabbits_x: [3685123,6533899,2487908,3543667,2487977,8225258,8324447,8236183,3149877,6575852,6647915,6530506,6563683,6632295,6615610,2502618,3645440,6615572,6613423,3501497,3472899,2498908,2493971]
   rabbits_y: [79458,3918967,3389544,130714,3570231,1948177,2452498,2618147,324575,3919112,3921047,3919200,3917654,3921410,3918039,3746251,76835,3919819,3923015,101914,167022,3288096,3686986]

 - problem: 75
   correct_answer: 3
   horizontal_lines: [4,37976,1347850,1366615,1537521,1762134,1930289,2834864,3885368,4423000,5373016,6571666,6724788,6832686,7302584,7308393,8273173,8378554,8388608]
   vertical_lines: [4,87811,820849,901052,902004,1373630,2604494,3097518,3100308,3881879,4713000,4855824,5062813,5614518,5886877,6305510,6759592,7442834,8388608]
   rabbits_x: [3210307,5030932,5029148,4891437,5021412,3472078,839975,3164605,3541135,3780113,3129622,4908825,4990876,5020010,3260901,856927,5044771,4963697,3497277,5010980,3291856]
   rabbits_y: [2710767,7046215,7154134,7249212,7034413,2239498,1746591,2483187,2027492,2624498,2826444,6905711,6864495,6951834,2172136,1579578,7262898,6926836,2446818,6844546,2426513]

 - problem: 76
   correct_answer: 4
   horizontal_lines: [4,158666,2095933,2272525,2396795,2424538,2490348,2541557,2973005,3393905,3723940,4300459,5298907,6338872,7558828,7919413,7967030,8021606,8388608]
   vertical_lines: [4,292753,697617,1021565,1273470,1318747,1611679,1656392,2073171,2639202,3486541,4570720,4743515,6202177,6473407,7607348,7978475,8370025,8388608]
   rabbits_x: [7721307,2218748,835197,7637207,1900676,1937798,803321,1742795,1868100,1842462,2024653,888852,845977,7962360,7854923,1719531,1773052,870692,1949627]
   rabbits_y: [2220931,3876203,7988633,2132587,8001429,7989673,7985119,7995287,7982459,7993974,7983284,7969179,8020866,2218006,2100733,7970688,8003877,7985939,7983422]

 - problem: 77
   correct_answer: 2
   horizontal_lines: [4,784754,1268575,1772917,1929870,2365706,2512292,2722764,4127381,5008097,5412580,5961072,6772573,6981519,7367854,7720049,7849459,8062571,8388608]
   vertical_lines: [4,757889,1086897,1326474,1328975,2091716,3263151,4107748,4172362,4894449,5790765,6800339,6982202,7451960,7495764,7572158,7945617,7975676,8388608]
   rabbits_x: [5977397,8009945,8199268,6039619,6669026,6423805,8318826,8238571,8038426,6667434,8292691,8362800,8137678,8148892,6462810,7985438,6602019]
   rabbits_y: [4525937,1006422,967429,4510550,4917642,4442370,1237839,917107,1166008,4527941,1004392,875788,1141036,1102274,4315901,1008635,4262871]

 - problem: 78
   correct_answer: 4
   horizontal_lines: [4,491292,2653437,2807659,3494886,3555110,3578844,3596677,3763571,4278583,4450716,5015035,5222252,5658489,6389709,6910926,8108347,8346994,8388608]
   vertical_lines: [4,469374,1718656,1766580,1834532,4100779,4354854,4381326,4561134,5560584,5816059,6651144,6733448,6981565,7083334,7588323,7970478,8290352,8388608]
   rabbits_x: [7754519,7980567,7036769,7662473,7801542,8268712,8215095,7966058,8244752,7353604,7944049,7842286,7756270,7516322,8216761,7968826,7625554,7622844]
   rabbits_y: [3439280,399136,2623378,3435558,3209008,171808,7616,2888567,335833,5016875,3335104,3385651,2835234,5039639,67177,3353029,3473602,3037355]

 - problem: 79
   correct_answer: 7
   horizontal_lines: [4,26876,250788,916186,1133606,1162737,1266725,1816496,2159069,3756041,3845678,3958743,4879441,4918347,5405117,5644044,7518665,7678335,7799924,8388608]
   vertical_lines: [4,533844,1317163,3083039,3178254,3458001,3927058,3960070,4188057,4682852,4899979,5314718,5797769,6203435,6375170,6535082,7176420,7613129,7971746,8388608]
   rabbits_x: [3947237,4050413,3444130,4730450,4157184,3947103,3933036,3948709,4029949,3932705,4093494,3441424,3276272,4039033,3955629,7745847,3931430,3929279,3939893,7648849,3929891,4054985,404925]
   rabbits_y: [5512929,6110985,5177118,949841,6437182,5431733,5409004,5410031,6673795,5538069,7198547,5006986,5391745,6436725,5585185,701684,5497728,6219355,5510124,792629,6021542,6284377,3798567]

 - problem: 80
   correct_answer: 4
   horizontal_lines: [4,907143,973637,997031,1006633,1163768,1326140,2212478,3158080,3287301,3722031,3855640,4373471,4403658,4941190,4993050,5056500,7992073,8114141,8388608]
   vertical_lines: [4,816871,977254,1527775,1575809,1720776,1980880,2296830,2690997,3825264,4193761,4431554,5004200,5855289,7506420,7699321,7882906,7977546,8283327,8388608]
   rabbits_x: [4830731,2504359,7889215,2360573,4665662,7903816,7891104,2412179,4672264,7956545,7897699,1568473,4814630,7921049,7889258,7972714,4684844,7937217]
   rabbits_y: [1456750,4991945,8219673,4980419,1385360,8285101,8153845,4976675,2049465,8148968,8317496,3573433,1892825,8145141,8149593,8208566,2131260,8287904]

 - problem: 81
   correct_answer: 3
   horizontal_lines: [4,139035,184370,1505568,1686759,1707832,1947848,2614725,2651278,2911380,4109178,5357729,5442522,5862976,5937793,6017036,6474081,6783405,7170548,8388608]
   vertical_lines: [4,240640,700727,882293,920425,1254658,1810246,1863765,1903410,2624678,3385492,4127193,5219533,5425641,5605063,5701655,5831531,6097664,7766404,8388608]
   rabbits_x: [2549908,2512850,1123837,970113,2315648,4266431,2292435,2216616,2302997,4740312,5215698,1974641,1210640,4986989,1030570,995498,4268785,1202109,1946313,1181738,1140923]
   rabbits_y: [5936616,5878715,3683925,3355695,5906438,5933641,5879962,5932858,5875251,5906697,5883752,5908812,3955326,5931310,3598156,3797221,5933487,3800130,5878330,4043417,4073899]

 - problem: 82
   correct_answer: 3
   horizontal_lines: [4,146632,1325441,1546070,1653002,1805837,1849030,2441009,2513772,2650468,3947078,4285395,4350615,4951948,5453646,6563534,7611017,7675926,8107227,8388608]
   vertical_lines: [4,178864,1009861,1059854,1630837,1971755,2062679,2380603,2720046,3618101,3858736,4518243,5783269,6158710,6329374,7084538,7650879,7821831,8032966,8388608]
   rabbits_x: [88335,6228931,6304418,6327387,6237507,6256157,6231222,6224022,165058,156065,6166148,36021,6195023,6327151,6167020,6326331,109908,157761,6179443,6235457,90117,94795,6308712,6284395,93050,6235297]
   rabbits_y: [7996935,3220410,7827280,3012301,7874657,7953806,3524155,7707836,7749223,8005418,8005599,7681229,3532679,7804529,7874075,2674651,8096591,7838994,7723295,7764501,7899008,8004558,3452352,8066286,8038503,3736567]

 - problem: 83
   correct_answer: 6
   horizontal_lines: [4,1058207,1203559,1482531,1716334,1783104,1800810,2459737,2999929,3658696,3971972,5133536,6083919,6591202,6775511,7512124,7522326,7968730,8026399,8388608]
   vertical_lines: [4,190157,586072,844424,1523439,1724885,2527878,3110742,3975039,4201073,4404720,5289510,5653512,5704170,6202817,6341151,6841468,6921807,7736032,8388608]
   rabbits_x: [318205,8058233,6861753,5662278,7907717,581142,5677213,393175,7934402,7951118,410366,487716,8379275,8297751,5774833,305566,5729914,255464,8327340,7912805,212523,215499,6905063,276147,356450,7746620]
   rabbits_y: [1495353,1768182,2814392,7516337,1732162,5299702,7515080,5817743,1753292,1773298,5517027,1531187,1734524,1742963,8050582,5290170,8223380,5826661,1736128,1766935,5906902,5661314,2535884,1583162,1580661,1738228]

 - problem: 84
   correct_answer: 2
   horizontal_lines: [4,458945,1594408,2435755,2851896,3204713,3703251,4181086,4727611,4855143,5581758,5642150,6063328,7209129,7282990,7417597,7436895,7941445,8379917,8388608]
   vertical_lines: [4,80338,301826,957549,1000958,1213009,1913447,1939625,1967846,2046648,2475457,2608407,5740658,5753873,5847375,6091541,6735208,7602741,7883419,8388608]
   rabbits_x: [77526,13090,1928645,31254,1933713,71544,1926954,1920398,29465,6390,1936563,1922343,79394,1915820,1926069,26130,1936700,1925613]
   rabbits_y: [2538635,2642604,3627408,2534863,3284122,2611464,3499730,3417749,2812457,2641897,3655625,3487258,2829108,3615109,3402129,2720349,3333660,3492725]

 - problem: 85
   correct_answer: 5
   horizontal_lines: [4,202133,1078682,1407171,1417354,2191580,2545109,3374067,3378681,3617132,3980068,4508322,4586268,4651479,4659995,5127211,6041011,6476167,6550423,6634020,8388608]
   vertical_lines: [4,155679,535687,1621719,2580532,2593801,2814628,2844265,3669462,4188162,4525628,5126772,5337757,5832880,6331198,6384572,6490517,6764547,7498672,7904156,8388608]
   rabbits_x: [4736656,2779476,5168472,981790,2642913,2792268,4527347,2663506,2666051,6470700,2723267,2614263,4619713,5274157,4745725,1328340,5201056,5320402,1232500,6436249]
   rabbits_y: [404812,7581434,1374826,4654086,7073768,7619776,697385,7803260,7415818,4655220,7688925,7809589,576491,1095753,814300,4654653,1082673,1362367,4651499,4657704]

 - problem: 86
   correct_answer: 3
   horizontal_lines: [4,596573,689210,1294523,1962676,2131479,2486374,4121214,4267548,4503479,4973176,5177139,5406482,5437986,5626821,6080168,6106887,6278197,7223672,8092903,8388608]
   vertical_lines: [4,250294,359944,2078912,2508219,2685212,3770897,4682262,4833826,4911804,5170800,5615680,5838413,6025671,6456272,7124100,7393724,7594291,8049135,8065230,8388608]
   rabbits_x: [655461,4837967,5251770,1653026,401994,1539067,5413771,4838322,5444788,614786,5347117,4906528,1666982,1895415,5519871,4861062,490716,5554218,4898776,4858073,5301692]
   rabbits_y: [6098198,5409965,4537703,6083635,6095328,6082984,4920599,5432738,4824339,6086593,4936058,5415689,6103471,6096853,4523530,5431656,6106457,4784522,5429770,5411319,4682623]

 - problem: 87
   correct_answer: 5
   horizontal_lines: [4,314289,1858322,1891569,2052780,2110443,2188501,2275975,2350761,2594056,2720127,2989765,4436504,4734472,5242605,5276328,6858921,7515244,7659293,8324804,8388608]
   vertical_lines: [4,591757,761364,841805,1264845,1344112,1907937,2073266,2130367,2910317,2998328,3181954,3701353,5218162,5403187,5409863,5907251,6629463,7140333,7694745,8388608]
   rabbits_x: [3086131,3293884,3269908,3030953,3016430,3455067,3136497,4468114,3420065,5173312,3071916,3478697,3386738,677688,4263513,3609662,3524022,3657740,3302026,3160119,3096062,3981912,3064704]
   rabbits_y: [2335150,4660153,4447309,2339495,2286025,4585518,2308981,3100714,4703225,3345861,2319446,4641976,4522890,2130121,3680245,4617787,4535616,4507961,4515325,2319536,2304843,3381153,2388688]

 - problem: 88
   correct_answer: 4
   horizontal_lines: [4,438967,867319,1126062,1614375,1648276,1806531,2011781,2408623,2492679,2558708,4635571,4804478,4886368,6151522,6216012,7218287,7294159,8041466,8271437,8388608]
   vertical_lines: [4,216382,248713,727020,1025519,3266243,4070683,4389591,4440968,5202797,5330248,5902190,5986385,6227566,7456225,7803190,7841076,8070732,8225155,8382695,8388608]
   rabbits_x: [30649,4387348,7497739,7795945,4119035,7675683,8169626,4343516,7598768,4167597,7658442,4302138,7661273,7491045,4351870,8193735,7508839,4207755,4181471,25611,4263525,4357497,8096552]
   rabbits_y: [4791705,810091,8296400,8349737,444868,8333072,1183864,808549,8329639,814566,8343359,524325,8282341,8356636,775266,1606948,8299605,582565,486049,4787485,443950,780720,1561842]

 - problem: 89
   correct_answer: 5
   horizontal_lines: [4,275044,281041,1014489,1798921,1820128,2242213,2278328,2292160,3546886,3629244,3740092,4011081,4080130,4153216,4434927,5669343,5768418,6389784,8084592,8388608]
   vertical_lines: [4,70257,319411,1042919,1085785,1820730,2537703,2738212,2922135,2948337,3262369,4441653,4547329,5223142,5817097,6149732,6266181,6270988,6300201,6592999,8388608]
   rabbits_x: [5479611,4479488,5452804,4054460,5307403,4443117,5393679,4496312,5943123,4474717,1901841,4415915,4499124,2535390,5886314,3319104,4527594,6003492,5526819]
   rabbits_y: [2109302,1359950,1962915,3855794,2123996,1510094,2090017,1612916,3814961,1110469,5731881,3756400,1242297,5734338,3776106,3763831,1440328,3762704,1886564]

 - problem: 90
   correct_answer: 3
   horizontal_lines: [4,96541,423684,668913,1670351,3421336,4230982,4255129,4336402,4589777,6262353,6365127,6651498,7027388,7058671,7256127,7724492,8063095,8133810,8293459,8388608]
   vertical_lines: [4,420205,1090283,1339218,1664262,2085965,2184941,2854997,3176083,3604988,3949149,4053448,4645255,5375912,6017646,6169897,6555508,7105370,7559392,7924842,8388608]
   rabbits_x: [4712641,2069724,1669743,2889612,5087954,1695785,4763779,5050181,5037531,4646349,3114067,1791534,1876358,3097857,2883794,1860372,5346973,4838440,1795099,4988819,3039518]
   rabbits_y: [4250936,7323224,7539082,9843,4234072,7649167,4249068,4252493,4231384,4252560,44218,7652460,7562564,27088,81399,7280956,4236625,4247557,7293012,4237719,50831]

 - problem: 91
   correct_answer: 4
   horizontal_lines: [4,632970,2296755,2350438,2368962,2550451,2816080,2925115,4088343,4399037,4666851,4779252,4838460,6182128,6578196,7476926,7548582,7650908,7719437,7775271,7996848,8388608]
   vertical_lines: [4,467996,941765,947390,1683489,2191990,2452952,3185935,3225946,3251537,3297287,3817706,4184905,5101255,5226016,5602821,5656692,6119524,6437082,6528918,6996219,8388608]
   rabbits_x: [3241732,1490636,3245546,1327379,1080539,3236100,3239814,994043,3225970,3228527,1253788,6331111,1086985,3232487,335377,967195,1269453,6381811,3237263,374257,3247108,1172257,1647275,1364477]
   rabbits_y: [2603140,194941,2787767,142850,412921,2666218,2801461,504052,2761188,2803383,463723,7833003,431021,2782017,6444212,535936,570529,7828369,2782313,6193870,2615058,12056,541764,24544]

 - problem: 92
   correct_answer: 4
   horizontal_lines: [4,155781,424061,1183370,1296455,1348122,1381221,1469701,1777471,1881950,2428830,2663662,3408630,4399266,5107051,5325438,5474056,6449010,8062137,8098131,8265474,8388608]
   vertical_lines: [4,390853,470294,763158,900616,1627562,1899396,2138284,2316394,4013438,4655224,4816879,5189690,5552772,5834017,6684185,7123463,7300619,7369574,7861907,8292295,8388608]
   rabbits_x: [7393196,7623772,7446747,2314485,2148861,1688120,1863020,2208101,1772845,2145355,2229774,2289894,2172169,1863445,1811360,2145948,7838698,2307575,2158777,2236497]
   rabbits_y: [5449743,5443041,5335042,8081092,8097486,824784,589318,8087847,1082826,8081923,8065071,264537,163146,997582,1142833,8095585,5383500,191392,172651,171861]

 - problem: 93
   correct_answer: 5
   horizontal_lines: [4,67517,519780,936759,1919570,1985873,2114515,2358366,2389081,2518499,2968793,3439804,3999013,4088848,4339627,4711313,6021078,6347008,6873501,7520367,8255421,8388608]
   vertical_lines: [4,612097,2048199,2248597,3322159,3397803,3479026,3695058,4188228,4595074,5063790,5883938,5950784,6107147,6107344,6123773,6627279,6927649,7016539,8085655,8221601,8388608]
   rabbits_x: [174809,7248756,5550495,440755,331312,7212403,4567669,5273263,5259596,4203093,7316023,7815388,7454634,7238048,7774576,12532,4331156,101536,273283,5195779,4406910,494152,456640]
   rabbits_y: [3354428,6007908,1618295,5003933,3230609,5046840,4690817,1097132,1754187,4706482,4836657,5784387,5724978,5529759,5770649,3301673,4446774,2980936,3381234,1392011,4370999,3308742,3296536]

 - problem: 94
   correct_answer: 5
   horizontal_lines: [4,498203,1374016,1689895,2340792,2748953,2781750,3632855,3734907,5005907,5440550,5479133,5547597,5661374,6474085,6665850,6848757,6962675,7088700,7934066,8021128,8388608]
   vertical_lines: [4,800643,1454427,1757232,2043248,2396897,2922895,3050680,3635464,3826612,3944533,4164225,4971848,5087535,6734621,6835082,7105557,7381900,7690906,7828499,8010968,8388608]
   rabbits_x: [4258388,2211465,4198720,4417428,2077721,3845716,2191488,2948660,2206832,4960867,2173285,4621638,3910358,2937033,3026422,3897297,2058304,2933049,2937006,2985235]
   rabbits_y: [7320483,6938084,7618091,7194231,6939125,5108370,6921734,1872810,6940143,7284701,6897363,7316488,5397200,1799466,2055641,6960832,6962670,1934791,1791949,1976284]

 - problem: 95
   correct_answer: 5
   horizontal_lines: [4,153993,1463984,1499051,1545070,1547545,1694416,1884195,2141936,2374307,2750262,2781974,3408691,4595318,4821746,4930393,5290016,6787124,7309408,8029664,8055257,8388608]
   vertical_lines: [4,216920,230293,881575,1026019,1438035,1625198,1761858,1784317,2688809,3087989,5103025,5347489,5530784,5749774,6133979,6222933,6397305,6461038,6933095,7297636,8388608]
   rabbits_x: [6231454,6055159,6337879,5161425,6239094,5557646,5468395,5660436,6340191,5446647,5734830,6280151,5746504,5559861,6225046,5652312,6277913,6241275,6321510,5888753,5658766,5190903]
   rabbits_y: [3138526,1488328,3264815,75368,2871443,2449266,1532990,2616983,2847486,1512530,2515426,3327841,2433292,2514858,2869643,2569951,2883998,2968804,3375777,1498154,2651880,46926]

 - problem: 96
   correct_answer: 7
   horizontal_lines: [4,736357,1559521,2122122,3830938,4323900,5209735,5399200,5468440,5545728,5601016,5871627,6069240,6073998,6531260,6663031,6688295,7190368,7809745,7989846,8230417,8388608]
   vertical_lines: [4,96810,246685,500439,1067712,1912746,1920058,2284706,2355205,2364538,2661480,2758389,2957443,3253403,4633853,5060104,5393450,5947724,6076076,7834833,8231630,8388608]
   rabbits_x: [4948091,1913751,2347536,4684034,2313806,2738411,2304317,1913075,2712011,375675,4733612,2306440,2733814,2333231,4890445,1919912,2734164,4944775,477318,402778,4812539]
   rabbits_y: [6587204,6071450,5877060,6551237,5947953,7673429,5987820,6069308,7220673,5506755,6632882,6005301,7729209,5968236,6250719,6671916,7268246,6611059,5496900,5526323,6086913]

 - problem: 97
   correct_answer: 5
   horizontal_lines: [4,67029,1820731,1871428,2189799,2641165,2923856,2931287,3243929,3329643,3421631,4057342,4855321,5493329,5728779,5880808,6179573,6440225,7057463,7478988,7664661,8204372,8388608]
   vertical_lines: [4,637843,1431893,1884270,2099051,2107498,2461714,3437673,4246748,4293033,4758456,5181603,5199161,5293369,6265996,7081668,7353997,7458526,7623506,7711143,7945503,8077559,8388608]
   rabbits_x: [4281990,7642401,4288184,4267699,8086776,4253889,7694549,3405001,4282496,8151709,7638997,7678284,4258864,7631672,2699061,7637220,4272866,7623892,7680490,7665702,3152456,7666935,7702382]
   rabbits_y: [7458581,1883643,7422837,7210898,7509529,7475805,1921948,7506996,7269543,7503385,1915828,2177501,7301794,2928259,7555652,2929701,7063078,2101699,2928889,2926540,7653742,2925397,2930205]

 - problem: 98
   correct_answer: 5
   horizontal_lines: [4,181857,354695,686293,2070037,2853723,2929285,3007165,3140800,3336093,3659807,3853452,4438462,4849791,5651759,5764257,6216405,6340074,6596781,7241799,7662632,8025378,8388608]
   vertical_lines: [4,1330062,1611411,1652668,1825048,1914057,1915997,2220362,2754395,2801995,2945483,3138788,3872920,3985536,4565076,4889085,5718373,5724472,5998713,6625702,7257533,8021153,8388608]
   rabbits_x: [6278559,6255344,6133626,1768435,6115937,4601465,1725710,6437481,1821071,3875153,4695907,3966508,3947988,6644602,6197024,1779327,3899360,6295421,4733702,1691274,3893095,1778724,6608088]
   rabbits_y: [6239781,6262359,6282328,6553037,6276921,1419209,6503560,6225724,6426516,1969280,1793475,1722420,1875118,8136840,6267891,6509237,871856,6301582,1391315,6542171,1917686,6546996,6233254]

 - problem: 99
   correct_answer: 4
   horizontal_lines: [4,44535,1056562,1352826,1560213,2443591,3679300,3849809,3999312,4014599,4026931,4366019,4549834,4586098,4824916,5418051,5901276,6219006,6509689,6749385,6881470,7977420,8388608]
   vertical_lines: [4,317047,324285,450460,587577,1926098,1927038,2540937,2884185,2913150,3566319,3585671,5043209,5430118,6022624,6309650,6673581,6850652,7272728,7580036,7642763,8100028,8388608]
   rabbits_x: [6427184,6817638,6426968,324050,6788787,6472940,321421,6707504,6493305,320701,6362546,2871804,6811473,6728745,2767897,6413206,6756453,318313,6507861,319661,318586,320712,6431359,6314728]
   rabbits_y: [8110961,4551401,7996183,6565603,4553139,8178596,6539936,4569047,8255557,6595401,8295456,8063854,4551855,4573089,8013464,8108541,4561656,6608541,8065602,6530608,6595390,6703582,8297339,7983670]

 - problem: 100
   correct_answer: 6
   horizontal_lines: [4,3985,18094,370545,489717,559439,720824,739746,1400851,1887261,1987697,2399341,2559594,2694441,2922408,4798160,5692812,5783481,5983315,6080255,6560154,7915544,8388608]
   vertical_lines: [4,814873,1100098,1675623,3488754,4001956,4555666,4697875,5098354,5110245,5460026,5548666,5649853,5701638,5853900,6451724,6693590,6699750,7080977,7135845,7670887,7823481,8388608]
   rabbits_x: [243618,1859517,3446417,4765424,8034985,5780634,2400863,5765006,806335,757451,4985679,107460,2329524,558047,8116790,5075827,4912552,8182803,4960998,623509,8304626]
   rabbits_y: [1495753,735604,734479,17051,5450156,1636385,2512100,1789776,1778793,1552790,4580,1595854,735358,1770318,4838506,17422,13653,5024955,6043,1479334,5429067]
